128 128 16 16 143
1 1 1 1 1 1 1 1 1 1 1 1 1 1 1 1 1 1 1 1 1 1 1 1 1 1 1 1 1 1 1 1 2 2 2 2 2 2 2 2 2 2 2 2 2 2 2 2 2 2 2 2 2 2 2 2 2 2 2 2 2 2 2 2 3 4 5 6 6 6 6 6 6 6 7 8 9 10 11 6 6 6 6 6 6 6 7 8 9 10 10 10 10 10 3 4 2 2 2 2 2 2 2 2 2 2 2 2 2 2 2 2 2 2 2 2 2 2 2 2 2 2 2 2 2 2 2 2
1 1 1 1 1 1 1 1 1 1 1 1 1 1 1 1 1 1 1 1 1 1 1 1 1 1 1 1 1 1 1 1 12 12 12 12 12 12 12 12 12 12 12 12 12 12 12 12 12 12 12 12 12 12 12 12 12 12 12 12 12 12 12 12 4 13 14 10 10 10 10 10 10 10 10 15 16 10 10 10 10 10 10 10 10 10 10 15 16 10 10 10 10 10 13 3 12 12 12 12 12 12 12 12 12 12 12 12 12 12 12 12 12 12 12 12 12 12 12 12 12 12 12 12 12 12 12 12
3 4 3 4 3 4 3 4 3 4 3 4 3 4 3 4 3 4 3 4 3 4 3 4 3 4 3 4 3 4 3 4 1 1 17 17 1 1 17 17 1 1 17 17 1 1 17 17 1 1 17 17 1 1 17 17 1 1 17 17 1 1 17 17 3 4 14 10 10 10 3 4 3 4 13 18 18 13 3 4 3 4 19 10 10 10 3 4 3 4 19 10 10 10 3 4 1 1 17 17 1 1 17 17 1 1 17 17 1 1 17 17 1 1 17 17 1 1 17 17 1 1 17 17 1 1 17 17
4 13 13 3 4 13 13 20 20 13 13 20 20 13 13 20 20 13 13 3 4 13 13 3 4 13 13 3 4 13 13 3 1 1 1 1 1 1 1 1 1 1 1 1 1 1 1 1 1 1 1 1 1 1 1 1 1 1 1 1 1 1 1 1 4 13 14 10 10 10 13 3 4 13 13 3 4 13 13 3 4 13 14 10 10 10 13 3 4 13 14 10 10 10 13 3 1 1 1 1 1 1 1 1 1 1 1 1 1 1 1 1 1 1 1 1 1 1 1 1 1 1 1 1 1 1 1 1
3 4 5 6 21 6 6 6 21 6 6 6 21 6 6 6 21 6 6 6 21 6 6 6 21 6 6 6 21 6 3 4 1 1 1 1 1 1 1 1 1 1 1 1 1 1 1 1 1 1 1 1 1 1 1 1 1 1 1 1 1 1 1 1 3 4 14 8 9 10 11 6 6 6 6 6 6 6 6 6 6 6 7 8 9 10 11 6 6 6 7 8 9 10 3 4 1 1 1 1 1 1 1 1 1 1 1 1 1 1 1 1 1 1 1 1 1 1 1 1 1 1 1 1 1 1 1 1
4 13 14 10 22 10 10 10 22 10 10 10 22 10 10 10 22 10 10 10 22 10 10 10 22 10 10 10 22 10 13 3 1 1 1 5 6 6 1 5 21 6 1 5 21 6 1 5 21 6 1 5 21 6 1 5 21 6 1 5 6 6 1 1 4 13 14 15 16 10 10 10 10 10 10 10 10 10 10 10 10 10 10 15 16 10 10 10 10 10 10 15 16 10 13 3 1 1 1 5 6 6 1 5 21 6 1 5 21 6 1 5 21 6 1 5 21 6 1 5 21 6 1 5 21 6 1 1
3 4 14 10 22 10 3 4 3 4 3 4 3 4 3 4 3 4 3 4 3 4 19 10 22 10 3 4 3 4 3 4 1 1 1 14 10 10 1 14 22 10 1 14 22 10 1 14 22 10 1 14 22 10 1 14 22 10 1 14 10 10 1 1 3 4 13 18 18 13 19 10 10 10 3 4 3 4 19 10 10 10 3 4 3 4 3 4 3 4 3 4 3 4 3 4 1 1 1 14 10 10 1 14 22 10 1 14 22 10 1 14 22 10 1 14 22 10 1 14 22 10 1 14 22 10 1 1
4 13 14 10 22 10 13 3 4 13 13 3 4 13 13 3 4 13 13 3 4 13 14 10 22 10 13 3 4 13 13 3 1 1 6 7 10 10 11 7 23 24 11 7 23 24 11 7 23 24 11 7 23 24 11 7 23 24 11 7 10 10 1 1 4 13 13 3 4 13 14 10 10 10 13 3 4 13 14 10 10 10 13 3 4 13 13 3 4 13 13 3 4 13 13 3 1 1 6 7 10 10 11 7 23 24 11 7 23 24 11 7 23 24 11 7 23 24 11 7 23 24 11 7 22 10 1 1
3 4 14 10 22 10 11 6 21 6 6 6 21 6 6 6 13 13 5 6 21 6 7 10 22 10 11 6 25 26 3 4 1 1 27 28 10 10 10 10 29 14 10 10 29 14 10 10 29 14 10 10 29 14 10 10 29 14 10 10 25 26 1 1 3 4 27 28 5 6 7 8 9 10 11 6 6 6 7 8 9 10 11 6 6 6 6 6 6 6 6 6 25 26 3 4 1 1 27 28 10 10 10 10 29 14 10 10 29 14 10 10 29 14 10 10 29 14 10 10 29 14 10 10 30 31 1 1
4 13 14 10 32 10 10 10 22 10 10 10 22 10 10 10 13 13 14 10 22 10 10 10 32 10 10 10 33 34 13 3 1 1 35 36 10 10 10 10 37 14 10 10 37 14 10 10 37 14 10 10 37 14 10 10 37 14 10 10 33 34 1 1 4 13 35 36 14 10 10 15 16 10 10 10 10 10 10 15 16 10 10 10 10 10 10 10 10 10 10 10 33 34 13 3 1 1 35 36 10 10 10 10 37 14 10 10 37 14 10 10 37 14 10 10 37 14 10 10 37 14 10 10 38 39 1 1
3 4 3 4 3 4 3 4 3 4 19 10 22 10 10 10 13 13 14 10 22 10 3 4 3 4 3 4 3 4 3 4 1 1 1 1 1 1 1 1 1 1 1 1 1 1 1 1 1 1 1 1 1 1 1 1 1 1 1 1 1 1 1 1 3 4 3 4 3 4 3 4 3 4 19 10 10 10 3 4 3 4 3 4 3 4 19 10 10 10 3 4 3 4 3 4 1 1 1 1 1 1 1 1 1 1 1 1 1 1 1 1 1 1 1 1 1 1 1 1 1 1 1 1 1 1 1 1
4 13 13 3 4 13 13 3 4 13 14 10 22 10 10 10 13 13 14 10 22 10 13 3 4 13 13 3 4 13 13 3 1 1 1 1 1 1 1 1 1 1 1 1 1 1 1 1 1 1 1 1 1 1 1 1 1 1 1 1 1 1 1 1 4 13 13 3 4 13 13 3 4 13 14 10 10 10 13 3 4 13 13 3 4 13 14 10 10 10 13 3 4 13 13 3 1 1 1 1 1 1 1 1 1 1 1 1 1 1 1 1 1 1 1 1 1 1 1 1 1 1 1 1 1 1 1 1
3 4 5 6 21 6 6 6 21 6 7 10 22 10 10 10 13 13 14 10 22 10 11 6 21 6 6 6 21 6 3 4 17 17 17 17 17 17 17 17 17 17 17 17 17 17 17 17 17 17 17 17 17 17 17 17 17 17 17 17 17 17 17 17 3 4 5 6 6 6 6 6 6 6 7 8 9 10 11 6 6 6 6 6 6 6 7 8 9 10 11 6 6 6 3 4 17 17 17 17 17 17 17 17 17 17 17 17 17 17 17 17 17 17 17 17 17 17 17 17 17 17 17 17 17 17 17 17
4 13 14 10 22 10 10 10 22 10 10 10 32 10 10 10 40 40 14 10 32 10 10 10 22 10 10 10 22 10 13 3 41 41 41 41 41 41 41 41 41 41 41 41 41 41 41 41 41 41 41 41 41 41 41 41 41 41 41 41 41 41 41 41 4 13 14 10 10 10 10 10 10 10 10 15 16 10 10 10 10 10 10 10 10 10 10 15 16 10 10 10 10 10 13 3 41 41 41 41 41 41 41 41 41 41 41 41 41 41 41 41 41 41 41 41 41 41 41 41 41 41 41 41 41 41 41 41
3 4 14 10 22 10 3 4 3 4 3 4 3 4 3 4 3 4 3 4 3 4 3 4 3 4 3 4 3 4 3 4 2 2 2 2 2 2 2 2 2 2 2 2 2 2 2 2 2 2 2 2 2 2 2 2 2 2 2 2 2 2 2 2 3 4 3 4 3 4 3 4 3 4 3 4 3 4 3 4 3 4 3 4 3 4 3 4 3 4 3 4 3 4 3 4 2 2 2 2 2 2 2 2 2 2 2 2 2 2 2 2 2 2 2 2 2 2 2 2 2 2 2 2 2 2 2 2
4 13 14 10 22 10 13 20 20 13 13 20 20 13 13 20 20 13 13 20 20 13 13 3 4 13 13 3 4 13 13 3 2 2 2 2 2 2 2 2 2 2 2 2 2 2 2 2 2 2 2 2 2 2 2 2 2 2 2 2 2 2 2 2 4 13 13 3 4 13 13 3 4 13 13 3 4 13 13 3 4 13 13 3 4 13 13 3 4 13 13 3 4 13 13 3 2 2 2 2 2 2 2 2 2 2 2 2 2 2 2 2 2 2 2 2 2 2 2 2 2 2 2 2 2 2 2 2
3 4 14 10 22 10 6 6 21 6 6 6 21 6 6 6 21 6 6 6 21 6 6 6 21 6 6 6 21 6 3 4 1 1 1 1 1 1 1 1 1 1 1 1 1 1 1 1 1 1 1 1 1 1 1 1 1 1 1 1 1 1 1 1 1 1 1 1 1 1 1 1 1 1 1 1 1 1 1 1 1 1 1 1 1 1 1 1 1 1 1 1 1 1 1 1 42 1 1 42 42 1 1 42 42 1 1 42 42 1 1 42 42 1 1 42 42 1 1 42 42 1 1 42 42 1 1 42
4 13 14 10 32 10 10 10 22 10 10 10 22 10 10 10 22 10 10 10 22 10 10 10 22 10 10 10 22 10 13 3 1 1 1 1 1 1 1 1 1 1 1 1 1 1 1 1 1 1 1 1 1 1 1 1 1 1 1 1 1 1 1 1 1 1 1 1 1 1 1 1 1 1 1 1 1 1 1 1 1 1 1 1 1 1 1 1 1 1 1 1 1 1 1 1 1 1 1 1 1 1 1 1 1 1 1 1 1 1 1 1 1 1 1 1 1 1 1 1 1 1 1 1 1 1 1 1
3 4 3 4 3 4 3 4 3 4 3 4 3 4 3 4 3 4 3 4 3 4 19 10 22 10 10 10 22 10 3 4 43 44 43 44 43 44 43 44 43 44 43 44 43 44 43 44 43 44 43 44 43 44 43 44 43 44 43 44 43 44 43 44 1 1 45 46 47 48 45 1 46 47 45 46 47 48 45 46 47 48 45 1 46 47 45 46 47 48 45 1 46 47 1 1 1 1 5 6 6 6 6 6 6 6 6 49 50 6 6 49 50 6 6 6 6 6 6 49 50 6 6 6 6 6 1 1
4 13 13 3 4 13 13 3 4 13 13 3 4 13 13 3 4 13 13 3 4 13 14 10 22 10 10 10 22 10 13 3 44 51 51 43 44 51 51 43 44 51 51 43 44 51 51 43 44 51 51 43 44 51 51 43 44 51 51 43 44 51 51 43 1 1 52 48 53 53 52 45 46 54 52 48 53 53 52 48 53 53 52 45 46 54 52 48 53 53 52 45 46 54 1 1 42 1 14 10 10 10 10 10 10 10 10 55 56 10 10 55 56 10 10 10 10 10 10 55 56 10 10 10 10 10 1 42
3 4 5 6 21 6 6 6 21 6 6 6 21 6 6 6 21 6 6 6 21 6 7 10 22 10 10 10 22 10 3 4 43 44 57 58 58 58 58 59 60 61 62 59 60 61 62 59 60 61 62 59 60 61 62 59 57 58 58 58 58 58 43 44 1 1 53 53 53 53 63 48 48 53 53 53 53 53 53 53 53 53 63 48 48 53 53 53 53 53 63 48 48 53 1 1 42 1 14 10 10 10 10 10 10 10 10 55 56 10 10 55 56 10 10 10 10 10 10 55 56 10 10 10 10 10 1 42
4 13 14 10 22 10 10 10 22 10 10 10 22 10 10 10 22 10 10 10 22 10 10 10 32 10 10 10 22 10 13 3 44 51 64 65 65 65 65 66 67 68 69 66 67 68 69 66 67 68 69 66 67 68 69 66 64 65 65 65 65 65 51 43 1 1 53 70 53 53 63 53 70 53 53 70 53 53 53 70 53 53 63 53 70 53 53 70 53 53 63 53 70 53 1 1 1 1 14 10 10 10 10 10 10 10 71 72 73 74 71 72 73 74 10 10 10 10 71 72 73 74 10 10 10 10 1 1
3 4 14 10 22 10 10 10 22 10 10 10 22 10 10 10 22 10 10 10 22 10 3 4 3 4 19 10 22 10 3 4 43 44 64 65 65 65 65 66 64 65 65 66 64 65 65 66 64 65 65 66 64 65 65 66 64 65 43 44 43 44 43 44 1 1 70 75 53 53 76 75 77 78 53 75 77 78 70 75 53 53 76 75 77 78 70 75 53 53 76 75 77 78 1 1 1 1 14 10 10 10 10 10 10 10 1 1 1 1 1 18 18 1 1 18 18 1 1 1 1 1 19 10 10 10 1 1
4 13 14 10 22 10 10 10 22 10 10 10 22 10 10 10 22 10 10 10 22 10 13 3 4 13 14 10 22 10 13 3 44 51 64 65 65 65 65 66 64 65 65 66 64 65 65 66 64 65 65 66 64 65 65 66 64 65 51 43 44 51 51 43 1 1 77 79 78 75 77 80 79 77 77 80 79 77 77 79 78 75 77 80 79 77 77 79 78 75 77 80 79 77 1 1 42 1 14 10 10 10 10 10 1 1 1 42 42 1 1 1 1 1 1 1 1 1 1 42 42 1 1 1 10 10 1 42
3 4 14 10 22 10 10 10 22 10 10 10 22 10 10 10 22 10 10 10 22 10 11 6 21 6 7 10 22 10 3 4 43 44 64 65 30 31 65 66 64 65 65 66 64 65 65 66 64 65 65 66 64 65 65 66 64 65 58 58 25 26 43 44 1 1 27 28 77 80 79 80 79 80 79 80 79 80 79 79 77 80 79 80 79 80 79 79 77 80 79 80 25 26 1 1 42 1 27 28 10 10 10 10 11 6 1 42 42 1 1 42 42 1 1 42 42 1 1 42 42 1 5 6 10 10 1 42
4 13 14 10 22 10 10 10 32 10 10 10 32 10 10 10 32 10 10 10 32 10 10 10 22 10 10 10 22 10 13 3 44 51 64 81 38 39 65 66 64 65 65 66 64 65 65 66 64 65 65 66 64 65 65 66 64 65 65 65 33 34 51 43 1 1 35 36 79 79 80 79 80 79 80 79 80 79 79 80 79 79 80 79 80 79 79 80 79 79 80 79 33 34 1 1 1 1 35 36 10 10 10 10 10 10 1 1 1 1 1 1 1 1 1 1 1 1 1 1 1 1 14 10 10 10 1 1
3 4 14 10 22 10 3 4 3 4 3 4 3 4 3 4 3 4 3 4 3 4 19 10 22 10 10 10 22 10 3 4 43 44 43 81 43 44 82 66 64 65 65 66 64 65 43 44 43 44 82 66 64 65 65 66 64 65 43 44 43 44 43 44 1 1 3 4 3 4 83 83 83 83 3 4 3 4 83 83 83 83 3 4 3 4 83 83 83 83 3 4 3 4 1 1 1 1 1 1 1 1 19 10 10 10 6 49 50 6 6 6 6 6 6 49 50 6 1 1 1 1 14 10 10 10 1 1
4 13 14 10 22 10 13 3 4 13 13 3 4 13 13 3 4 13 13 3 4 13 14 10 22 10 10 10 22 10 13 3 44 51 51 81 44 51 64 66 64 65 65 66 64 65 51 43 44 51 64 66 64 65 65 66 64 65 51 43 44 51 51 43 1 1 1 1 1 1 84 84 84 84 1 1 1 1 84 84 84 84 1 1 1 1 84 84 84 84 1 1 1 1 1 1 42 1 1 42 42 1 1 1 10 10 10 55 56 10 10 10 10 10 10 55 56 10 1 42 42 1 14 10 1 1 1 42
3 4 14 10 22 10 11 6 21 6 6 6 21 6 6 6 21 6 6 6 21 6 7 10 22 10 10 10 22 10 3 4 43 44 57 81 57 58 85 66 64 65 65 66 64 65 58 59 57 58 85 66 64 86 65 66 64 86 58 59 60 61 43 44 1 1 1 1 1 1 3 4 3 4 1 1 1 1 3 4 3 4 1 1 1 1 3 4 3 4 1 1 1 1 1 1 42 1 1 42 42 1 5 6 10 10 10 55 56 10 10 10 10 10 10 55 56 10 1 42 42 1 14 10 11 6 1 42
4 13 14 10 32 10 10 10 22 10 10 10 22 10 10 10 22 10 10 10 22 10 10 10 22 10 10 10 22 10 13 3 44 51 64 81 64 65 65 66 64 65 65 66 64 65 65 66 64 65 65 87 64 88 65 87 64 88 65 66 67 68 51 43 1 1 1 1 1 1 1 1 1 1 1 1 1 1 1 1 1 1 1 1 1 1 1 1 1 1 1 1 1 1 1 1 1 1 1 1 1 1 14 10 10 10 71 72 73 74 10 10 10 10 71 72 73 74 1 1 1 1 14 10 10 10 1 1
3 4 3 4 3 4 19 10 22 10 10 10 22 10 10 10 22 10 10 10 22 10 10 10 22 10 10 10 22 10 3 4 43 44 64 81 64 65 65 66 64 65 65 66 64 65 65 66 64 65 43 44 43 44 43 44 43 44 82 66 64 65 43 44 1 1 1 1 1 1 1 1 1 1 1 1 1 1 1 1 1 1 1 1 1 1 1 1 1 1 1 1 1 1 1 1 1 1 1 1 1 1 1 1 1 1 1 1 1 1 1 1 1 1 1 1 1 1 1 1 1 1 19 10 10 10 1 1
4 13 13 3 4 13 14 10 22 10 10 10 22 10 10 10 22 10 10 10 22 10 10 10 22 10 10 10 22 10 13 3 44 51 64 81 64 65 65 66 64 65 65 66 64 65 65 66 64 65 51 43 44 51 51 43 44 51 64 66 64 65 51 43 1 1 1 1 1 1 1 1 1 1 1 1 1 1 1 1 1 1 1 1 1 1 1 1 1 1 1 1 1 1 1 1 42 1 1 42 42 1 1 42 42 1 1 42 42 1 1 42 42 1 1 42 42 1 1 42 42 1 1 1 10 10 1 42
3 4 5 6 21 6 7 10 22 10 10 10 22 10 10 10 22 10 10 10 22 10 10 10 22 10 10 10 22 10 3 4 43 44 64 81 64 65 65 66 64 65 65 66 64 65 65 66 64 86 58 59 60 61 62 59 57 58 85 66 64 65 43 44 1 1 1 1 1 1 1 1 1 1 1 1 1 1 1 1 1 1 1 1 1 1 1 1 1 1 1 1 1 1 1 1 42 1 1 42 42 1 1 42 42 1 1 42 42 1 1 42 42 1 1 42 42 1 1 42 42 1 5 6 10 10 1 42
4 13 14 10 22 10 10 10 32 10 10 10 32 10 10 10 22 10 10 10 32 10 10 10 32 10 10 10 22 10 13 3 44 51 64 81 64 65 65 66 64 65 65 66 64 65 65 87 64 88 65 66 67 68 69 66 64 65 65 66 64 65 51 43 1 1 1 1 1 1 1 1 1 1 1 1 1 1 1 1 1 1 1 1 1 1 1 1 1 1 1 1 1 1 1 1 1 1 1 1 1 1 1 1 1 1 1 1 1 1 1 1 1 1 1 1 1 1 1 1 1 1 14 10 10 10 1 1
3 4 3 4 3 4 3 4 3 4 3 4 3 4 19 10 22 10 3 4 3 4 3 4 3 4 19 10 22 10 3 4 43 44 64 81 64 65 65 66 64 65 65 66 64 65 43 44 43 44 82 66 64 65 65 66 64 65 65 66 64 65 43 44 1 1 1 1 1 1 1 1 1 1 1 1 1 1 1 1 1 1 1 1 1 1 1 1 1 1 1 1 1 1 1 1 1 1 5 6 6 6 6 6 6 6 1 1 1 1 5 6 6 6 6 49 50 6 6 6 6 6 7 10 10 10 1 1
4 13 13 3 4 13 13 3 4 13 13 3 4 13 14 10 22 10 13 3 4 13 13 3 4 13 14 10 22 10 13 3 44 51 64 81 64 65 65 66 64 65 65 66 64 65 51 43 44 51 64 66 64 65 65 66 64 65 65 66 64 65 51 43 1 1 43 44 43 44 43 44 43 44 43 44 43 44 43 44 43 44 43 44 43 44 43 44 43 44 43 44 43 44 1 1 42 1 14 10 10 10 10 10 10 10 1 42 42 1 14 10 10 10 10 55 56 10 10 10 10 10 10 10 1 1 1 42
3 4 5 6 21 6 6 6 21 6 6 6 21 6 7 10 22 10 11 6 21 6 6 6 21 6 7 10 22 10 3 4 43 44 64 81 64 86 65 66 64 86 65 66 64 86 58 58 58 58 85 66 64 86 65 66 64 65 65 66 64 86 43 44 1 1 17 17 17 17 17 89 90 91 17 89 90 91 17 89 90 91 17 89 90 91 17 89 90 91 17 89 90 91 1 1 42 1 14 10 10 10 10 10 10 10 1 42 42 1 14 10 10 10 10 55 56 10 10 10 10 10 10 10 11 6 1 42
4 13 14 10 22 10 10 10 22 10 10 10 22 10 10 10 22 10 10 10 22 10 10 10 22 10 10 10 32 10 13 3 44 51 64 81 64 88 65 87 64 88 65 87 64 88 65 65 65 65 65 87 64 88 65 66 64 65 65 87 64 88 51 43 1 1 17 17 57 58 58 58 92 17 57 58 92 17 57 58 92 17 57 58 92 17 57 58 92 17 57 58 92 17 1 1 1 1 14 10 10 10 10 10 10 10 1 1 1 1 14 10 10 10 71 72 73 74 10 10 10 10 10 10 10 10 1 1
3 4 14 10 22 10 10 10 22 10 10 10 22 10 10 10 22 10 10 10 22 10 10 10 22 10 3 4 3 4 3 4 43 44 43 44 43 44 18 18 18 18 43 44 43 44 43 44 43 44 43 44 43 44 82 66 64 65 43 44 43 44 43 44 1 1 17 17 64 65 65 65 93 17 64 65 93 17 64 65 93 17 64 65 93 17 64 65 93 17 64 65 93 17 1 1 1 1 14 10 10 10 10 10 10 10 1 1 1 1 19 10 10 10 1 1 1 1 1 18 18 1 19 10 10 10 1 1
4 13 14 10 22 10 10 10 22 10 10 10 22 10 10 10 22 10 10 10 22 10 10 10 22 10 13 3 4 13 13 3 44 51 51 43 44 51 51 43 44 51 51 43 44 51 51 43 44 51 51 43 44 51 64 66 64 65 51 43 44 51 51 43 1 1 17 17 64 65 65 65 93 17 64 65 93 17 64 65 93 17 64 65 93 17 64 65 93 17 64 65 93 17 1 1 42 1 14 10 10 10 10 10 1 1 1 42 42 1 1 1 10 10 1 42 42 1 1 1 1 1 1 1 10 10 1 42
3 4 14 10 22 10 10 10 22 10 10 10 22 10 10 10 22 10 10 10 22 10 10 10 22 10 11 6 21 6 3 4 43 44 57 59 60 61 62 59 60 61 62 59 60 61 62 59 60 61 62 59 57 58 85 66 64 86 58 59 60 61 43 44 1 1 17 17 64 65 65 65 93 17 64 65 93 17 64 65 93 17 64 65 93 17 64 65 93 17 64 65 25 26 1 1 42 1 27 28 10 10 10 10 11 6 1 42 42 1 5 6 10 10 1 42 42 1 1 42 42 1 5 6 10 10 1 42
4 13 14 10 22 10 10 10 32 10 10 10 32 10 10 10 32 10 10 10 32 10 10 10 32 10 10 10 22 10 13 3 44 51 64 66 67 68 69 66 67 68 69 66 67 68 69 66 67 68 69 66 64 65 65 87 64 88 65 66 67 68 51 43 1 1 17 17 64 65 65 65 93 17 64 65 93 17 64 65 93 17 64 65 93 17 64 65 93 17 64 65 33 34 1 1 1 1 35 36 10 10 10 10 10 10 1 1 1 1 14 10 10 10 1 1 1 1 1 1 1 1 14 10 10 10 1 1
3 4 14 10 22 10 3 4 3 4 3 4 3 4 3 4 3 4 3 4 3 4 3 4 3 4 19 10 22 10 3 4 43 44 64 66 64 65 65 66 64 65 65 66 64 65 65 66 64 65 65 66 64 65 43 44 43 44 82 66 64 65 43 44 1 1 17 17 30 31 65 86 93 17 64 86 93 17 64 86 93 17 64 86 93 17 64 86 93 17 43 44 1 1 1 1 1 1 1 1 1 1 19 10 10 10 6 49 50 6 7 10 10 10 1 1 1 1 6 49 50 6 7 10 10 10 1 1
4 13 14 10 22 10 13 3 4 13 13 3 4 13 13 3 4 13 13 3 4 13 13 3 4 13 14 10 22 10 13 3 44 51 64 66 64 65 65 66 64 65 65 66 64 65 65 66 64 65 65 66 64 65 51 43 44 51 64 66 64 65 51 43 1 1 17 17 38 39 65 88 94 17 64 88 94 17 64 88 94 17 64 88 94 17 64 88 94 17 1 1 1 1 1 1 42 1 1 42 42 1 1 1 10 10 10 55 56 10 10 10 1 1 1 42 42 1 10 55 56 10 10 10 1 1 1 42
3 4 14 10 22 10 11 6 21 6 6 6 21 6 6 6 13 13 5 6 21 6 6 6 21 6 7 10 22 10 3 4 43 44 64 66 64 86 65 66 64 65 65 66 64 86 65 66 64 86 65 66 64 86 58 58 58 58 85 66 64 86 43 44 1 1 43 44 43 44 43 44 43 44 43 44 43 44 43 44 43 44 43 44 43 44 43 44 43 44 1 1 1 1 1 1 42 1 1 42 42 1 5 6 10 10 10 55 56 10 10 10 11 6 1 42 42 1 10 55 56 10 10 10 11 6 1 42
4 13 14 10 32 10 10 10 22 10 10 10 22 10 10 10 13 13 14 10 22 10 10 10 22 10 10 10 32 10 13 3 44 51 64 87 64 88 65 66 64 65 65 87 64 88 65 87 64 88 65 87 64 88 65 65 65 65 65 87 64 88 51 43 1 1 1 1 1 1 1 1 1 1 1 1 1 1 1 1 1 1 1 1 1 1 1 1 1 1 1 1 1 1 1 1 1 1 1 1 1 1 14 10 10 10 71 72 73 74 10 10 10 10 1 1 1 1 71 72 73 74 10 10 10 10 1 1
3 4 3 4 3 4 19 10 22 10 10 10 22 10 10 10 13 13 14 10 22 10 10 10 22 10 3 4 3 4 3 4 43 44 43 44 43 44 82 66 64 65 43 44 43 44 18 18 18 18 43 44 43 44 43 44 43 44 43 44 43 44 43 44 1 1 1 1 1 1 1 1 1 1 1 1 1 1 1 1 1 1 1 1 1 1 1 1 1 1 1 1 1 1 1 1 1 1 1 1 1 1 1 18 18 1 1 1 1 1 1 18 18 1 1 1 1 1 1 1 1 1 1 1 1 1 1 1
4 13 13 3 4 13 14 10 22 10 10 10 22 10 10 10 13 13 14 10 22 10 10 10 22 10 13 3 4 13 13 3 44 51 51 43 44 51 64 66 64 65 51 43 44 51 51 43 44 51 51 43 44 51 51 43 44 51 51 43 44 51 51 43 1 1 1 1 1 1 1 1 1 1 1 1 1 1 1 1 1 1 1 1 1 1 1 1 1 1 1 1 1 1 1 1 42 1 1 42 42 1 1 1 1 1 1 42 42 1 1 1 1 1 1 42 42 1 1 42 42 1 1 42 42 1 1 42
3 4 5 6 21 6 7 10 22 10 10 10 22 10 10 10 13 13 14 10 22 10 10 10 22 10 11 6 21 6 3 4 43 44 57 59 57 58 85 66 64 86 58 59 60 61 62 59 60 61 62 59 60 61 62 59 60 61 62 59 60 61 43 44 43 44 43 44 43 44 43 44 43 44 43 44 43 44 43 44 43 44 43 44 43 44 43 44 43 44 43 44 43 44 43 44 42 1 1 42 42 1 1 42 42 1 1 42 42 1 1 42 42 1 1 42 42 1 1 42 42 1 1 42 42 1 1 42
4 13 14 10 22 10 10 10 32 10 10 10 22 10 10 10 40 40 14 10 32 10 10 10 32 10 10 10 22 10 13 3 44 51 64 66 64 65 65 87 64 88 65 66 67 68 69 66 67 68 69 66 67 68 69 66 67 68 69 66 67 68 51 43 44 51 51 43 44 51 51 43 44 51 51 43 44 51 51 43 44 51 51 43 44 51 51 43 44 51 51 43 44 51 51 43 1 1 1 1 1 1 1 1 1 1 1 1 1 1 1 1 1 1 1 1 1 1 1 1 1 1 1 1 1 1 1 1
3 4 14 10 22 10 3 4 3 4 19 10 22 10 3 4 3 4 3 4 3 4 3 4 3 4 19 10 22 10 3 4 43 44 64 66 64 65 43 44 43 44 82 66 64 65 65 66 64 65 65 66 64 65 65 66 64 65 65 66 64 65 43 44 43 44 43 44 43 44 43 44 43 44 43 44 43 44 43 44 43 44 43 44 43 44 43 44 43 44 43 44 43 44 43 44 3 4 17 17 17 17 17 17 17 17 17 17 17 17 17 17 17 17 17 17 17 17 17 17 17 17 17 17 17 17 1 1
4 13 14 10 22 10 13 3 4 13 14 10 22 10 13 3 4 13 13 3 4 13 13 3 4 13 14 10 22 10 13 3 44 51 64 66 64 65 51 43 44 51 64 66 64 65 65 66 64 65 65 66 64 65 65 66 64 65 65 66 64 65 51 43 44 51 51 43 44 51 51 43 44 51 51 43 44 51 51 43 44 51 51 43 44 51 51 43 44 51 51 43 44 51 51 43 4 13 17 17 17 17 17 17 17 17 17 17 17 17 17 17 17 17 17 17 17 17 17 17 17 17 17 17 17 17 1 42
3 4 14 10 22 10 11 6 21 6 7 10 22 10 11 6 21 6 6 6 13 13 5 6 21 6 7 10 22 10 3 4 43 44 64 66 64 86 58 58 58 58 85 66 64 86 65 66 64 86 65 66 64 65 65 66 64 65 65 66 64 86 43 44 43 44 57 58 58 58 58 59 60 61 62 59 60 61 62 59 60 61 62 59 60 61 62 59 60 61 62 59 60 61 43 44 3 4 17 17 17 17 17 17 17 17 17 17 17 17 17 17 17 17 17 17 17 17 17 17 17 17 17 17 17 17 1 42
4 13 14 10 32 10 10 10 22 10 10 10 32 10 10 10 22 10 10 10 13 13 14 10 22 10 10 10 32 10 13 3 44 51 64 87 64 88 65 65 65 65 65 87 64 88 65 87 64 88 65 66 64 65 65 66 64 65 65 87 64 88 51 43 44 51 64 65 65 65 65 66 67 68 69 66 67 68 69 66 67 68 69 66 67 68 69 66 67 68 69 66 67 68 51 43 4 13 17 17 17 17 17 17 17 17 17 17 17 17 17 17 17 17 17 17 17 17 17 17 17 17 17 17 17 17 1 1
3 4 3 4 3 4 3 4 3 4 3 4 3 4 19 10 22 10 10 10 13 13 14 10 22 10 3 4 3 4 3 4 43 44 43 44 43 44 43 44 43 44 43 44 43 44 43 44 43 44 82 66 64 65 65 66 64 65 43 44 43 44 43 44 43 44 43 44 43 44 82 66 64 65 65 66 64 65 65 66 64 65 65 66 64 65 65 66 64 65 65 66 64 65 43 44 3 4 17 17 17 17 17 17 17 17 17 17 17 17 17 17 17 17 17 17 17 17 17 17 17 17 17 17 17 17 1 1
4 13 13 3 4 13 13 3 4 13 13 3 4 13 14 10 22 10 10 10 13 13 14 10 22 10 13 3 4 13 13 3 44 51 51 43 44 51 51 43 44 51 51 43 44 51 51 43 44 51 64 66 64 65 65 66 64 65 51 43 44 51 51 43 44 51 51 43 44 51 64 66 64 65 65 66 64 65 65 66 64 65 65 66 64 65 65 66 64 65 65 66 64 65 51 43 4 13 17 17 17 17 17 17 17 17 17 17 17 17 17 17 17 17 17 17 17 17 17 17 17 17 17 17 17 17 1 42
3 4 5 6 21 6 6 6 21 6 6 6 21 6 7 10 22 10 10 10 13 13 14 10 22 10 11 6 21 6 3 4 43 44 57 59 60 61 62 59 60 61 62 59 60 61 62 59 57 58 85 66 64 86 65 66 64 86 58 58 25 26 43 44 43 44 27 28 57 58 85 66 64 65 65 66 64 65 65 66 64 65 65 66 64 65 65 66 64 65 65 66 64 65 43 44 3 4 17 17 17 17 17 17 17 17 17 17 17 17 17 17 17 17 17 17 17 17 17 17 17 17 17 17 17 17 1 42
4 13 14 10 22 10 10 10 22 10 10 10 22 10 10 10 32 10 10 10 40 40 14 10 32 10 10 10 22 10 13 3 44 51 64 66 67 68 69 66 67 68 69 66 67 68 69 66 64 65 65 87 64 88 65 87 64 88 65 65 33 34 51 43 44 51 35 36 64 65 65 66 64 65 65 66 64 65 65 66 64 65 65 66 64 65 65 66 64 65 65 66 64 65 51 43 4 13 17 17 17 17 17 17 17 17 17 17 17 17 17 17 17 17 17 17 17 17 17 17 17 17 17 17 17 17 1 1
3 4 14 10 22 10 10 10 22 10 3 4 3 4 3 4 3 4 3 4 3 4 3 4 3 4 19 10 22 10 3 4 43 44 64 66 64 65 65 66 64 65 65 66 64 65 65 66 64 65 43 44 43 44 43 44 43 44 43 44 43 44 43 44 43 44 43 44 43 44 82 66 64 65 65 66 64 65 65 66 64 65 65 66 64 65 65 66 64 65 65 66 64 65 43 44 3 4 17 17 17 17 17 17 17 17 17 17 17 17 17 17 17 17 17 17 17 17 17 17 17 17 17 17 17 17 1 1
4 13 14 10 22 10 10 10 22 10 13 3 4 13 13 3 4 13 13 3 4 13 13 3 4 13 14 10 22 10 13 3 44 51 64 66 64 65 65 66 64 65 65 66 64 65 65 66 64 65 51 43 44 51 51 43 44 51 51 43 44 51 51 43 44 51 51 43 44 51 64 66 64 65 65 66 64 65 65 66 64 65 65 66 64 65 65 66 64 65 65 66 64 65 51 43 4 13 17 17 17 17 17 17 17 17 17 17 17 17 17 17 17 17 17 17 17 17 17 17 17 17 17 17 17 17 1 42
3 4 14 10 22 10 10 10 22 10 11 6 21 6 6 6 13 13 5 6 21 6 6 6 21 6 7 10 22 10 3 4 43 44 64 66 64 65 65 66 64 86 65 66 64 86 65 66 64 86 58 59 60 61 62 59 60 61 62 59 60 61 43 44 43 44 57 58 58 58 85 66 64 86 65 66 64 86 65 66 64 86 65 66 64 86 65 66 30 31 65 66 64 86 43 44 3 4 17 17 17 17 17 17 17 17 17 17 17 17 17 17 17 17 17 17 17 17 17 17 17 17 17 17 17 17 1 42
4 13 14 10 32 10 10 10 32 10 10 10 22 10 10 10 13 13 14 10 22 10 10 10 22 10 10 10 32 10 13 3 44 51 64 66 64 65 65 87 64 88 65 87 64 88 65 87 64 88 65 66 67 68 69 66 67 68 69 66 67 68 51 43 44 51 64 65 65 65 65 87 64 88 65 87 64 88 65 87 64 88 65 87 64 88 65 87 38 39 65 87 64 88 51 43 4 13 17 17 17 17 17 17 17 17 17 17 17 17 17 17 17 17 17 17 17 17 17 17 17 17 17 17 17 17 1 1
3 4 3 4 3 4 3 4 3 4 19 10 22 10 10 10 13 13 14 10 22 10 10 10 22 10 3 4 3 4 3 4 43 44 64 66 64 65 43 44 43 44 18 18 18 18 43 44 43 44 82 66 64 65 65 66 64 65 65 66 64 65 43 44 43 44 43 44 43 44 43 44 43 44 43 44 43 44 43 44 43 44 43 44 43 44 43 44 43 44 43 44 43 44 43 44 43 44 43 44 43 44 43 44 43 44 43 44 43 44 43 44 43 44 43 44 43 44 43 44 43 44 43 44 43 44 1 1
4 13 13 3 4 13 13 20 20 13 14 10 22 10 10 10 13 13 14 10 22 10 10 10 22 10 13 3 4 13 13 3 44 51 64 66 64 65 51 43 44 51 51 43 44 51 51 43 44 51 64 66 64 65 65 66 64 65 65 66 64 65 51 43 44 51 51 43 44 51 51 43 44 51 51 43 44 51 51 43 44 51 51 43 44 51 51 43 44 51 51 43 44 51 51 43 44 51 51 43 44 51 51 43 44 51 51 43 44 51 51 43 44 51 51 43 44 51 51 43 44 51 51 43 44 51 1 42
3 4 5 6 21 6 6 6 21 6 7 10 22 10 10 10 13 13 14 10 22 10 10 10 22 10 11 6 21 6 3 4 43 44 64 66 64 86 58 59 60 61 62 59 60 61 62 59 57 58 85 66 64 65 65 66 64 65 65 66 64 65 43 44 1 1 1 1 1 1 1 1 1 1 1 1 1 1 1 1 1 1 1 1 1 1 1 1 1 1 1 1 1 1 1 1 1 1 1 1 1 1 1 1 1 1 1 1 1 1 1 1 1 1 1 1 1 1 1 1 1 1 1 1 1 1 1 1
4 13 14 10 22 10 10 10 22 10 10 10 32 10 10 10 40 40 14 10 32 10 10 10 32 10 10 10 22 10 13 3 44 51 64 87 64 88 65 66 67 68 69 66 67 68 69 66 64 65 65 66 64 65 65 66 64 65 65 66 64 65 51 43 95 95 95 95 95 95 95 95 95 95 95 95 95 95 95 95 95 95 95 95 95 95 95 95 95 95 95 95 95 95 95 95 95 95 95 95 95 95 95 95 95 95 95 95 95 95 95 95 95 95 95 95 95 95 95 95 95 95 95 95 95 95 95 95
3 4 14 10 22 10 3 4 3 4 3 4 3 4 3 4 3 4 3 4 3 4 3 4 3 4 19 10 22 10 3 4 43 44 43 44 43 44 82 66 64 65 65 66 64 65 65 66 64 65 65 66 64 65 65 66 64 65 65 66 64 65 43 44 96 97 98 99 100 101 98 99 100 101 98 99 100 101 98 99 100 101 98 99 100 101 98 99 100 101 98 99 100 101 98 99 100 101 98 99 100 101 98 99 100 101 98 99 100 101 98 99 100 101 98 99 100 101 98 99 100 101 98 96 102 103 104 104
4 13 14 10 22 10 13 3 4 13 13 3 4 13 13 3 4 13 13 3 4 13 13 3 4 13 14 10 22 10 13 3 44 51 51 43 44 51 64 66 64 65 65 66 64 65 65 66 64 65 65 66 64 65 65 66 64 65 65 66 64 65 51 43 105 106 107 108 109 110 107 111 112 110 107 108 109 110 107 111 112 110 107 111 112 110 107 108 109 110 107 108 109 110 107 111 112 110 107 108 109 110 107 111 112 110 107 108 109 110 107 108 109 110 107 111 112 110 107 111 112 110 107 105 113 114 115 115
3 4 14 10 22 10 11 6 21 6 6 6 21 6 6 6 21 6 6 6 13 13 5 6 21 6 7 10 22 10 3 4 43 44 57 58 58 58 85 66 64 86 65 66 64 86 65 66 64 86 65 66 64 86 65 66 64 86 65 66 64 65 43 44 105 106 107 116 98 117 107 108 109 110 107 116 98 117 107 111 112 110 107 108 109 110 107 116 98 117 107 116 98 117 107 108 109 110 107 116 98 117 107 111 112 110 107 116 98 117 107 116 98 117 107 108 109 110 107 111 112 110 107 105 113 114 115 115
4 13 14 10 32 10 10 10 22 10 10 10 22 10 10 10 22 10 10 10 13 13 14 10 22 10 10 10 32 10 13 3 44 51 64 65 65 65 65 87 64 88 65 87 64 88 65 87 64 88 65 87 64 88 65 87 64 88 65 66 64 65 51 43 105 106 107 107 107 107 107 116 98 117 107 107 107 107 107 111 112 110 107 116 98 117 107 107 107 107 107 107 107 107 107 116 98 117 107 107 107 107 107 111 112 110 107 107 107 107 107 107 107 107 107 116 98 117 107 111 112 110 107 105 99 114 115 115
3 4 3 4 3 4 19 10 22 10 10 10 22 10 10 10 22 10 10 10 13 13 14 10 22 10 3 4 3 4 3 4 43 44 43 44 43 44 43 44 43 44 43 44 43 44 43 44 43 44 18 18 18 18 43 44 43 44 82 66 64 65 43 44 96 97 107 107 107 107 107 107 107 107 107 107 107 107 107 108 109 110 107 107 107 107 107 107 107 107 107 107 107 107 107 107 107 107 107 107 107 107 107 108 109 110 107 107 107 107 107 107 107 107 107 107 107 107 107 108 109 110 107 105 118 114 115 115
4 13 13 3 4 13 14 10 22 10 10 10 22 10 10 10 22 10 10 10 13 13 14 10 22 10 13 3 4 13 13 3 44 51 51 43 44 51 51 43 44 51 51 43 44 51 51 43 44 51 51 43 44 51 51 43 44 51 64 66 64 65 51 43 105 106 107 107 107 107 107 107 107 107 107 107 107 107 107 116 98 117 107 107 107 107 107 107 107 107 107 107 107 107 107 107 107 107 107 107 107 107 107 116 98 117 107 107 107 107 107 107 107 107 107 107 107 107 107 116 98 117 107 105 119 114 115 115
3 4 27 28 5 6 7 10 22 10 10 10 22 10 10 10 22 10 10 10 13 13 14 10 22 10 11 6 25 26 3 4 43 44 27 28 57 58 58 59 60 61 120 120 60 61 62 59 60 61 62 59 60 61 62 59 57 58 85 66 64 86 43 44 105 106 121 122 123 124 124 124 124 124 124 124 124 124 124 124 124 124 124 124 124 124 124 124 124 124 124 124 124 124 124 124 124 124 124 124 124 124 124 124 124 124 124 124 124 124 124 124 124 124 124 124 124 124 124 124 124 124 124 105 125 114 115 115
4 13 35 36 14 10 10 10 32 10 10 10 22 10 10 10 32 10 10 10 40 40 14 10 32 10 10 10 33 34 13 3 44 51 35 36 64 65 65 66 67 68 120 120 67 68 69 66 67 68 69 66 67 68 69 66 64 65 65 87 64 88 51 43 105 106 126 17 127 17 84 84 84 84 84 84 84 84 84 84 84 84 84 17 17 17 17 17 17 84 84 84 84 84 84 17 17 17 17 17 17 84 84 84 84 84 84 17 17 17 17 17 17 84 84 84 84 84 84 84 84 84 84 128 129 130 131 131
3 4 3 4 3 4 3 4 3 4 19 10 22 10 3 4 3 4 3 4 3 4 3 4 3 4 3 4 3 4 3 4 43 44 43 44 43 44 82 66 64 65 120 120 64 65 65 66 64 65 65 66 64 65 65 66 64 65 43 44 43 44 43 44 132 133 134 135 132 133 134 135 132 133 134 135 132 133 134 135 132 133 134 136 17 17 17 17 137 133 134 135 132 133 134 136 17 17 17 17 137 133 134 135 132 133 134 136 17 17 17 17 137 133 134 135 132 133 134 135 132 133 134 135 132 133 134 135
4 13 13 3 4 13 13 3 4 13 14 10 22 10 13 3 4 13 13 3 4 13 13 3 4 13 13 3 4 13 13 3 44 51 51 43 44 51 64 66 64 65 120 120 64 65 65 66 64 65 65 66 64 65 65 66 64 65 51 43 44 51 51 43 138 139 140 17 138 139 140 17 138 139 140 17 138 139 140 17 138 139 140 17 17 17 17 17 138 139 140 17 138 139 140 17 17 17 17 17 138 139 140 17 138 139 140 17 17 17 17 17 138 139 140 17 138 139 140 17 138 139 140 17 138 139 140 17
3 4 5 6 21 6 6 6 21 6 7 10 22 10 11 6 21 6 6 6 21 6 6 6 21 6 6 6 21 6 3 4 43 44 57 59 57 58 65 66 64 86 120 120 64 86 65 66 64 86 65 66 64 65 65 66 64 86 58 58 58 58 43 44 17 141 17 17 17 141 17 17 17 141 17 17 17 141 17 17 17 141 17 17 17 17 17 17 17 141 17 17 17 141 17 17 17 17 17 17 17 141 17 17 17 141 17 17 17 17 17 17 17 141 17 17 17 141 17 17 17 141 17 17 17 141 17 17
4 13 14 10 22 10 10 10 22 10 10 10 32 10 10 10 22 10 10 10 22 10 10 10 22 10 10 10 22 10 13 3 44 51 64 66 64 65 65 87 64 88 40 40 64 88 65 87 64 88 65 66 64 65 65 87 64 88 65 65 65 65 51 43 142 143 142 142 142 143 142 142 142 143 142 142 142 143 142 142 142 143 142 142 142 142 142 142 142 143 142 142 142 143 142 142 142 142 142 142 142 143 142 142 142 143 142 142 142 142 142 142 142 143 142 142 142 143 142 142 142 143 142 142 142 143 142 142
3 4 3 4 3 4 3 4 3 4 3 4 3 4 3 4 3 4 3 4 3 4 3 4 3 4 3 4 3 4 3 4 43 44 64 66 64 65 43 44 43 44 43 44 43 44 43 44 43 44 82 66 64 65 43 44 43 44 43 44 43 44 43 44 1 1 1 1 1 1 1 1 1 1 1 1 1 1 1 1 1 1 1 1 1 1 1 1 1 1 1 1 1 1 1 1 1 1 1 1 1 1 1 1 1 1 1 1 1 1 1 1 1 1 1 1 1 1 1 1 1 1 1 1 1 1 1 1
4 13 13 3 4 13 13 3 4 13 13 3 4 13 13 3 4 13 13 3 4 13 13 3 4 13 13 3 4 13 13 3 44 51 64 66 64 65 51 43 44 51 51 43 44 51 51 43 44 51 64 66 64 65 51 43 44 51 51 43 44 51 51 43 1 1 1 1 1 1 1 1 1 1 1 1 1 1 1 1 1 1 1 1 1 1 1 1 1 1 1 1 1 1 1 1 1 1 1 1 1 1 1 1 1 1 1 1 1 1 1 1 1 1 1 1 1 1 1 1 1 1 1 1 1 1 1 1
42 1 1 42 42 1 1 42 42 1 1 42 42 1 1 42 1 1 1 1 1 1 1 1 1 1 1 1 1 1 1 1 43 44 64 66 64 86 58 59 60 61 120 120 60 61 62 59 57 58 85 66 64 86 58 59 60 61 62 59 60 61 43 44 1 1 1 1 1 1 1 1 1 1 1 1 1 1 1 1 1 1 1 1 1 1 1 1 1 1 1 1 1 1 1 1 1 1 1 1 1 1 1 1 1 1 1 1 1 1 1 1 42 1 1 42 42 1 1 42 42 1 1 42 42 1 1 42
1 1 1 1 1 1 1 1 1 1 1 1 1 1 1 1 1 1 1 1 1 1 1 1 1 1 1 1 1 1 1 1 44 51 64 87 64 88 65 66 67 68 120 120 67 68 69 66 64 65 65 87 64 88 65 66 67 68 69 66 67 68 51 43 1 1 1 1 1 1 1 1 1 1 1 1 1 1 1 1 1 1 1 1 1 1 1 1 1 1 1 1 1 1 1 1 1 1 1 1 1 1 1 1 1 1 1 1 1 1 1 1 1 1 1 1 1 1 1 1 1 1 1 1 1 1 1 1
6 6 6 6 6 6 6 49 50 6 6 6 6 6 1 1 1 1 1 1 1 1 1 1 1 1 1 1 1 1 1 1 43 44 43 44 43 44 43 44 43 44 120 120 64 65 65 66 64 65 43 44 43 44 82 66 64 65 65 66 64 65 43 44 3 4 3 4 3 4 3 4 3 4 3 4 3 4 3 4 3 4 3 4 3 4 3 4 3 4 3 4 3 4 3 4 43 44 43 44 43 44 43 44 43 44 43 44 43 44 43 44 1 1 5 6 6 6 6 6 6 6 6 49 50 6 6 6
10 10 10 10 10 10 10 55 56 10 10 10 10 10 1 42 1 1 43 44 43 44 43 44 43 44 43 44 43 44 1 1 44 51 51 43 44 51 51 43 44 51 120 120 64 65 65 66 64 65 51 43 44 51 64 66 64 65 65 66 64 65 51 43 4 13 13 3 4 13 13 3 4 13 13 3 4 13 13 3 4 13 13 3 4 13 13 3 4 13 13 3 4 13 13 3 44 51 51 43 44 51 51 43 44 51 51 43 44 51 51 43 42 1 14 10 10 10 10 10 10 10 10 55 56 10 10 10
10 10 10 10 10 10 10 55 56 10 10 10 10 10 1 42 1 1 17 17 17 17 17 89 90 91 17 89 90 91 1 1 43 44 57 58 58 58 58 59 60 61 120 120 64 86 65 66 64 86 58 58 58 58 85 66 64 65 65 66 64 86 43 44 3 4 5 6 6 6 6 6 6 6 6 6 6 6 6 6 6 6 6 6 6 6 6 6 6 6 6 6 6 6 3 4 43 44 57 59 60 61 62 59 57 58 58 58 58 58 43 44 42 1 14 10 10 10 10 10 10 10 10 55 56 10 10 10
10 10 10 10 10 10 71 72 73 74 10 10 10 10 1 1 1 1 17 17 57 58 58 58 92 17 57 58 92 17 1 1 44 51 64 65 65 65 65 66 67 68 40 40 64 88 65 87 64 88 65 65 65 65 65 66 64 65 65 87 64 88 51 43 4 13 14 10 10 10 10 10 10 10 10 10 10 10 10 10 10 10 10 10 10 10 10 10 10 10 10 10 10 10 13 3 44 51 64 66 67 68 69 66 64 65 65 65 65 65 51 43 1 1 14 10 10 10 10 10 10 10 71 72 73 74 10 10
10 10 1 18 18 1 1 1 1 1 14 10 10 10 1 1 1 1 17 17 64 65 65 65 93 17 64 65 93 17 1 1 43 44 43 44 43 44 120 120 64 65 43 44 43 44 43 44 43 44 43 44 43 44 82 66 64 65 43 44 43 44 43 44 3 4 3 4 3 4 19 10 10 10 10 10 10 10 10 10 10 10 10 10 10 10 3 4 3 4 19 10 10 10 3 4 43 44 64 66 64 65 65 66 64 65 43 44 43 44 43 44 1 1 14 10 10 10 10 10 10 10 1 1 1 1 14 10
1 1 1 1 1 1 1 42 42 1 14 10 1 1 1 42 1 1 17 17 64 65 65 65 93 17 64 65 93 17 1 1 44 51 51 43 44 51 120 120 64 65 51 43 44 51 51 43 44 51 51 43 44 51 64 66 64 65 51 43 44 51 51 43 4 13 13 3 4 13 14 10 10 10 10 10 10 10 10 10 10 10 10 10 10 10 13 3 4 13 14 10 10 10 13 3 44 51 64 66 64 65 65 66 64 65 51 43 44 51 51 43 42 1 14 10 10 10 10 10 1 1 1 42 42 1 14 10
11 6 1 42 42 1 1 42 42 1 14 10 11 6 1 42 1 1 17 17 64 65 65 65 93 17 64 65 25 26 1 1 43 44 27 28 57 58 120 120 64 86 58 59 60 61 62 59 60 61 62 59 57 58 85 66 64 86 58 58 25 26 43 44 3 4 27 28 5 6 7 10 10 10 10 10 10 10 10 10 10 10 10 10 10 10 11 6 6 6 7 10 10 10 3 4 43 44 64 66 64 65 65 66 64 86 58 58 25 26 43 44 42 1 27 28 10 10 10 10 11 6 1 42 42 1 14 10
10 10 1 1 1 1 1 1 1 1 14 10 10 10 1 1 1 1 17 17 64 65 65 65 93 17 64 65 33 34 1 1 44 51 35 36 64 65 40 40 64 88 65 66 67 68 69 66 67 68 69 66 64 65 65 87 64 88 65 65 33 34 51 43 4 13 35 36 14 10 10 10 10 10 10 10 10 10 10 10 10 10 10 10 10 10 10 10 10 10 10 10 10 10 13 3 44 51 64 66 64 65 65 66 64 88 65 65 33 34 51 43 1 1 35 36 10 10 10 10 10 10 1 1 1 1 14 10
10 10 6 6 6 6 1 1 1 1 19 10 10 10 1 1 1 1 17 121 122 123 65 86 93 17 43 44 1 1 1 1 43 44 43 44 43 44 43 44 43 44 82 66 64 65 65 66 64 65 65 66 64 65 43 44 43 44 43 44 43 44 43 44 3 4 3 4 3 4 19 10 10 10 10 10 10 10 10 10 10 10 10 10 10 10 10 10 10 10 10 10 10 10 3 4 43 44 64 66 64 65 43 44 43 44 43 44 43 44 43 44 1 1 1 1 1 1 14 10 10 10 1 1 1 1 19 10
10 10 10 10 10 10 1 42 42 1 1 1 10 10 1 42 1 1 17 126 17 127 65 88 94 17 1 1 1 1 1 1 44 51 51 43 44 51 51 43 44 51 64 66 64 65 65 66 64 65 65 66 64 65 51 43 44 51 51 43 44 51 51 43 4 13 13 3 4 13 14 10 10 10 10 10 10 10 10 10 10 10 10 10 10 10 10 10 10 10 10 10 10 10 13 3 44 51 64 66 64 65 51 43 44 51 51 43 44 51 51 43 42 1 1 42 42 1 14 10 1 1 1 42 42 1 1 1
10 10 10 10 10 10 1 42 42 1 5 6 10 10 1 42 1 1 43 44 43 44 43 44 43 44 1 1 1 1 1 1 43 44 57 58 58 58 58 58 58 58 85 66 64 86 65 66 64 86 65 66 64 86 58 58 58 58 58 59 60 61 43 44 3 4 5 6 6 6 7 8 9 10 10 10 10 10 10 10 10 10 10 10 10 10 10 10 10 10 10 10 10 10 3 4 43 44 64 66 64 86 58 59 60 61 62 59 60 61 43 44 42 1 1 42 42 1 14 10 11 6 1 42 42 1 5 6
10 10 10 10 10 10 1 1 1 1 14 10 10 10 1 1 1 1 1 1 1 1 1 1 1 1 1 1 1 1 1 1 44 51 64 65 65 65 65 65 65 65 65 87 64 88 65 87 64 88 65 87 64 88 65 65 65 65 65 66 67 68 51 43 4 13 14 10 10 10 10 15 16 10 10 10 10 10 10 10 10 10 10 10 10 10 10 10 10 10 10 10 10 10 13 3 44 51 64 66 64 88 65 66 67 68 69 66 67 68 51 43 1 1 1 1 1 1 14 10 10 10 1 1 1 1 14 10
18 1 19 10 10 10 1 1 1 1 14 10 10 10 1 1 1 1 1 1 1 1 1 1 1 1 1 1 1 1 1 1 43 44 43 44 43 44 43 44 43 44 43 44 43 44 18 18 18 18 43 44 43 44 43 44 43 44 82 66 64 65 43 44 3 4 14 10 10 10 13 18 18 13 19 10 10 10 10 10 10 10 10 10 10 10 10 10 10 10 10 10 10 10 3 4 43 44 64 66 64 65 65 66 64 65 65 66 64 65 43 44 1 1 1 1 1 1 19 10 10 10 1 1 1 1 1 18
1 1 1 1 10 10 1 42 42 1 14 10 1 1 1 42 1 1 1 1 1 1 1 1 1 1 1 1 1 1 1 1 44 51 51 43 44 51 51 43 44 51 51 43 44 51 51 43 44 51 51 43 44 51 51 43 44 51 64 66 64 65 51 43 4 13 14 10 10 10 13 3 4 13 14 10 10 10 10 10 10 10 10 10 10 10 10 10 10 10 10 10 10 10 13 3 44 51 64 66 64 65 65 66 64 65 65 66 64 65 51 43 42 1 1 42 42 1 1 1 10 10 1 42 42 1 1 1
42 1 5 6 10 10 1 42 42 1 14 10 11 6 1 42 1 1 1 1 1 1 1 1 1 1 1 1 1 1 1 1 43 44 57 59 60 61 62 59 60 61 62 59 60 61 62 59 60 61 62 59 60 61 62 59 57 58 85 66 64 86 43 44 3 4 14 8 9 10 11 6 6 6 7 8 9 10 10 10 10 10 10 10 10 10 10 10 10 10 10 10 10 10 3 4 43 44 64 66 64 65 65 66 64 86 65 66 64 65 43 44 42 1 1 42 42 1 5 6 10 10 1 42 42 1 1 42
1 1 14 10 10 10 1 1 1 1 14 10 10 10 1 1 1 1 1 1 1 1 1 1 1 1 1 1 1 1 1 1 44 51 64 66 67 68 69 66 67 68 69 66 67 68 69 66 67 68 69 66 67 68 69 66 64 65 65 87 64 88 51 43 4 13 14 15 16 10 10 10 10 10 10 15 16 10 10 10 10 10 10 10 10 10 10 10 10 10 10 10 10 10 13 3 44 51 64 66 64 65 65 66 64 88 65 66 64 65 51 43 1 1 1 1 1 1 14 10 10 10 1 1 1 1 1 1
50 6 7 10 10 10 1 1 1 1 19 10 10 10 1 1 1 1 1 1 1 1 1 1 1 1 1 1 1 1 1 1 43 44 64 66 64 65 65 66 64 65 65 66 64 65 65 66 64 65 65 66 64 65 65 66 64 65 43 44 43 44 43 44 3 4 3 4 3 4 19 10 10 10 13 18 18 13 19 10 10 10 10 10 10 10 10 10 10 10 10 10 10 10 3 4 43 44 64 66 64 65 65 66 64 65 65 66 64 65 43 44 1 1 5 6 6 6 7 10 10 10 1 1 1 1 6 49
56 10 10 10 1 1 1 42 42 1 1 1 10 10 1 42 1 1 43 44 43 44 43 44 43 44 43 44 43 44 1 1 44 51 64 66 64 65 65 66 64 65 65 66 64 65 65 66 64 65 65 66 64 65 65 66 64 65 51 43 44 51 51 43 4 13 13 3 4 13 14 10 10 10 13 3 4 13 14 10 10 10 10 10 10 10 10 10 10 10 10 10 10 10 13 3 44 51 64 66 64 65 65 66 64 65 65 66 64 65 51 43 42 1 14 10 10 10 10 10 1 1 1 42 42 1 10 55
56 10 10 10 11 6 1 42 42 1 5 6 10 10 1 42 1 1 17 89 90 91 17 89 90 91 17 89 90 91 1 1 43 44 64 66 64 65 65 66 64 86 65 66 64 86 65 66 64 86 65 66 64 86 65 66 64 86 58 59 60 61 43 44 3 4 5 6 6 6 7 8 9 10 11 6 6 6 7 8 9 10 10 10 10 10 10 10 10 10 10 10 10 10 3 4 43 44 64 66 64 86 65 66 64 65 65 66 64 86 43 44 42 1 14 10 10 10 10 10 11 6 1 42 42 1 10 55
73 74 10 10 10 10 1 1 1 1 14 10 10 10 1 1 1 1 57 58 92 17 57 58 92 17 57 58 92 17 1 1 44 51 64 66 64 65 65 87 64 88 65 87 64 88 65 87 64 88 65 87 64 88 65 87 64 88 65 66 67 68 51 43 4 13 14 10 10 10 10 15 16 10 10 10 10 10 10 15 16 10 10 10 10 10 10 10 10 10 10 10 10 10 13 3 44 51 64 66 64 88 65 66 64 65 65 66 64 88 51 43 1 1 14 10 10 10 10 10 10 10 1 1 1 1 71 72
18 1 1 18 18 1 1 1 1 1 14 10 10 10 1 1 1 1 64 65 93 17 64 65 93 17 64 65 93 17 1 1 43 44 64 66 64 65 43 44 43 44 18 18 18 18 43 44 43 44 43 44 43 44 43 44 43 44 82 66 64 65 43 44 3 4 14 10 10 10 13 18 18 13 19 10 10 10 3 4 3 4 19 10 10 10 10 10 10 10 10 10 10 10 3 4 43 44 64 66 64 65 65 66 64 65 65 66 64 65 43 44 1 1 14 10 10 10 1 18 18 1 1 1 1 1 1 18
1 1 1 1 1 1 1 42 42 1 14 10 1 1 1 42 1 1 64 65 93 17 64 65 93 17 64 65 93 17 1 1 44 51 64 66 64 65 51 43 44 51 51 43 44 51 51 43 44 51 51 43 44 51 51 43 44 51 64 66 64 65 51 43 4 13 14 10 10 10 13 3 4 13 14 10 10 10 13 3 4 13 14 10 10 10 10 10 10 10 10 10 10 10 13 3 44 51 64 66 64 65 65 66 64 65 65 66 64 65 51 43 42 1 14 10 1 1 1 1 1 1 1 42 42 1 1 1
42 1 1 42 42 1 1 42 42 1 14 10 25 26 1 42 1 1 27 28 93 17 64 65 93 17 64 65 93 17 1 1 43 44 64 66 64 86 58 59 60 61 62 59 60 61 62 59 60 61 120 120 60 61 62 59 57 58 85 66 64 86 43 44 3 4 14 8 9 10 11 6 6 6 7 8 9 10 11 6 6 6 7 8 9 10 10 10 10 10 10 10 10 10 3 4 43 44 64 66 64 65 65 66 64 86 65 66 64 65 43 44 42 1 14 10 11 6 1 42 42 1 1 42 42 1 1 42
1 1 1 1 1 1 1 1 1 1 14 10 33 34 1 1 1 1 35 36 93 17 64 65 93 17 64 65 93 17 1 1 44 51 64 87 64 88 65 66 67 68 69 66 67 68 69 66 67 68 120 120 67 68 69 66 64 65 65 87 64 88 51 43 4 13 14 15 16 10 10 10 10 10 10 15 16 10 10 10 10 10 10 15 16 10 10 10 10 10 10 10 10 10 13 3 44 51 64 66 64 65 65 66 64 88 65 66 64 65 51 43 1 1 14 10 10 10 1 1 1 1 1 1 1 1 1 1
6 6 6 49 50 6 1 1 1 1 1 1 1 1 1 1 1 1 43 44 43 44 64 86 93 17 64 121 122 123 1 1 43 44 43 44 43 44 82 66 64 65 65 66 64 65 65 66 64 65 120 120 64 65 65 66 64 65 43 44 43 44 43 44 3 4 3 4 3 4 19 10 10 10 3 4 3 4 19 10 10 10 13 18 18 13 19 10 10 10 10 10 10 10 3 4 43 44 64 66 64 65 65 66 64 65 65 66 64 65 43 44 1 1 19 10 10 10 6 6 6 6 6 49 50 6 6 6
10 10 10 55 56 10 1 42 42 1 1 42 42 1 1 42 1 1 1 1 1 1 64 88 94 17 64 126 17 127 1 1 44 51 51 43 44 51 64 66 64 65 65 66 64 65 65 66 64 65 120 120 64 65 65 66 64 65 51 43 44 51 51 43 4 13 13 3 4 13 14 10 10 10 13 3 4 13 14 10 10 10 13 3 4 13 14 10 10 10 10 10 10 10 13 3 44 51 64 66 64 65 65 66 64 65 65 66 64 65 51 43 42 1 1 1 10 10 10 10 10 10 10 55 56 10 10 10
10 10 10 55 56 10 1 42 42 1 1 42 42 1 1 42 1 1 1 1 1 1 43 44 43 44 43 44 43 44 1 1 43 44 57 58 58 58 85 66 64 86 65 66 64 86 65 66 64 65 120 120 64 86 65 66 64 86 58 58 58 58 43 44 3 4 5 6 6 6 7 8 9 10 11 6 6 6 7 8 9 10 11 6 6 6 7 8 9 10 10 10 10 10 3 4 43 44 64 66 64 86 65 66 64 65 65 66 64 86 43 44 42 1 5 6 10 10 10 10 10 10 10 55 56 10 10 10
10 10 71 72 73 74 1 1 1 1 1 1 1 1 1 1 1 1 1 1 1 1 1 1 1 1 1 1 1 1 1 1 44 51 64 65 65 65 65 87 64 88 65 87 64 88 65 66 64 65 120 120 64 88 65 87 64 88 65 65 65 65 51 43 4 13 14 10 10 10 10 15 16 10 10 10 10 10 10 15 16 10 10 10 10 10 10 15 16 10 10 10 10 10 13 3 44 51 64 66 64 88 65 66 64 65 65 66 64 88 51 43 1 1 14 10 10 10 10 10 10 10 71 72 73 74 10 10
1 1 1 1 1 1 1 1 1 1 1 1 1 1 1 1 1 1 1 1 1 1 1 1 1 1 1 1 1 1 1 1 43 44 43 44 43 44 43 44 43 44 43 44 43 44 82 66 64 65 43 44 43 44 43 44 43 44 43 44 43 44 43 44 3 4 14 10 10 10 3 4 3 4 19 10 10 10 3 4 3 4 3 4 3 4 3 4 3 4 19 10 10 10 3 4 43 44 64 66 64 65 65 66 64 65 65 66 64 65 43 44 1 1 1 1 1 1 1 1 1 1 1 1 1 1 1 1
42 1 1 42 42 1 1 42 42 1 1 42 42 1 1 42 42 1 1 42 42 1 1 42 42 1 1 42 42 1 1 42 44 51 51 43 44 51 51 43 44 51 51 43 44 51 64 66 64 65 51 43 44 51 51 43 44 51 51 43 44 51 51 43 4 13 14 10 10 10 13 3 4 13 14 10 10 10 13 3 4 13 13 3 4 13 13 3 4 13 14 10 10 10 13 3 44 51 64 66 64 65 65 66 64 65 65 66 64 65 51 43 42 1 1 42 42 1 1 42 42 1 1 42 42 1 1 42
42 1 1 42 42 1 1 42 42 1 1 42 42 1 1 42 42 1 1 42 42 1 1 42 42 1 1 42 42 1 1 42 43 44 57 59 60 61 62 59 60 61 120 120 57 58 85 66 64 86 58 59 60 61 62 59 60 61 62 59 60 61 43 44 3 4 14 8 9 10 11 6 6 6 7 8 9 10 11 6 6 6 6 6 6 6 6 6 6 6 7 10 10 10 3 4 43 44 64 66 64 65 65 66 64 86 65 66 64 65 43 44 42 1 1 42 42 1 1 42 42 1 1 42 42 1 1 42
1 1 1 1 1 1 1 1 1 1 1 1 1 1 1 1 1 1 1 1 1 1 1 1 1 1 1 1 1 1 1 1 44 51 64 66 67 68 69 66 67 68 120 120 64 65 65 87 64 88 65 66 67 68 69 66 67 68 69 66 67 68 51 43 4 13 14 15 16 10 10 10 10 10 10 15 16 10 10 10 10 10 10 10 10 10 10 10 10 10 10 10 10 10 13 3 44 51 64 66 64 65 65 66 64 88 65 66 64 65 51 43 1 1 1 1 1 1 1 1 1 1 1 1 1 1 1 1
1 1 1 1 1 1 1 1 1 1 1 1 1 1 1 1 1 1 1 1 1 1 1 1 1 1 1 1 1 1 1 1 43 44 64 66 64 65 65 66 64 65 120 120 64 65 43 44 43 44 82 66 64 65 65 66 64 65 65 66 64 65 43 44 3 4 3 4 3 4 19 10 10 10 13 18 18 13 3 4 3 4 3 4 3 4 19 10 10 10 10 10 10 10 3 4 43 44 64 66 64 65 65 66 64 65 65 66 64 65 43 44 1 1 1 1 1 1 1 1 1 1 1 1 1 1 1 1
43 44 43 44 43 44 43 44 43 44 43 44 43 44 43 44 43 44 43 44 43 44 43 44 43 44 43 44 43 44 1 1 44 51 64 66 64 65 65 66 64 65 120 120 64 65 51 43 44 51 64 66 64 65 65 66 64 65 65 66 64 65 51 43 4 13 13 3 4 13 14 10 10 10 13 3 4 13 13 3 4 13 13 3 4 13 14 10 10 10 10 10 10 10 13 3 44 51 64 66 64 65 65 66 64 65 65 66 64 65 51 43 1 1 43 44 43 44 43 44 43 44 43 44 43 44 43 44
90 91 17 89 90 91 17 89 90 91 17 89 90 91 17 89 90 91 17 89 90 91 17 89 90 91 17 89 90 91 1 1 43 44 64 66 64 86 65 66 64 65 120 120 64 86 58 58 58 58 85 66 64 86 65 66 64 86 65 66 64 65 43 44 3 4 5 6 6 6 7 8 9 10 11 6 6 6 6 6 6 6 6 6 6 6 7 8 9 10 10 10 10 10 3 4 43 44 64 66 64 86 65 66 64 65 65 66 64 86 43 44 1 1 17 89 90 91 17 89 90 91 17 89 90 91 17 89
92 17 57 58 92 17 57 58 92 17 57 58 92 17 57 58 92 17 57 58 92 17 57 58 92 17 57 58 92 17 1 1 44 51 64 87 64 88 65 66 64 65 40 40 64 88 65 65 65 65 65 87 64 88 65 87 64 88 65 66 64 65 51 43 4 13 14 10 10 10 10 15 16 10 10 10 10 10 10 10 10 10 10 10 10 10 10 15 16 10 10 10 10 10 13 3 44 51 64 66 64 88 65 66 64 65 65 87 64 88 51 43 1 1 57 58 92 17 57 58 92 17 57 58 92 17 57 58
93 17 64 65 93 17 64 65 93 17 64 65 93 17 64 65 93 17 64 65 93 17 64 65 93 17 64 65 93 17 1 1 43 44 43 44 43 44 82 66 64 65 43 44 43 44 43 44 43 44 43 44 43 44 43 44 43 44 82 66 64 65 43 44 3 4 3 4 3 4 3 4 3 4 3 4 3 4 3 4 3 4 19 10 10 10 3 4 3 4 19 10 10 10 3 4 43 44 64 66 64 65 65 66 64 65 43 44 43 44 43 44 1 1 64 65 93 17 64 65 93 17 64 65 93 17 64 65
93 17 64 65 93 17 64 65 93 17 64 65 93 17 64 65 93 17 64 65 93 17 64 65 93 17 64 65 93 17 1 1 44 51 51 43 44 51 64 66 64 65 51 43 44 51 51 43 44 51 51 43 44 51 51 43 44 51 64 66 64 65 51 43 4 13 13 3 4 13 13 3 4 13 13 3 4 13 4 3 4 13 14 10 10 10 13 3 4 13 14 10 10 10 13 3 44 51 64 66 64 65 65 66 64 65 51 43 44 51 51 43 1 1 64 65 93 17 64 65 93 17 64 65 93 17 64 65
93 17 64 65 93 17 64 65 93 17 64 65 93 17 64 65 93 17 64 65 93 17 64 65 93 17 64 65 25 26 1 1 43 44 27 28 57 58 85 66 64 86 58 59 60 61 62 59 60 61 62 59 60 61 62 59 57 58 85 66 64 86 43 44 3 4 5 6 6 6 6 6 6 6 6 6 6 6 6 6 6 6 7 8 9 10 11 6 6 6 7 10 10 10 3 4 43 44 64 66 64 65 65 66 64 65 58 58 25 26 43 44 1 1 27 28 93 17 64 65 93 17 64 65 93 17 64 65
93 17 64 65 93 17 64 65 93 17 64 65 93 17 64 65 93 17 64 65 93 17 64 65 93 17 64 65 33 34 1 1 44 51 35 36 64 65 65 87 64 88 65 66 67 68 69 66 67 68 69 66 67 68 69 66 64 65 65 87 64 88 51 43 4 13 14 10 10 10 10 10 10 10 10 10 10 10 10 10 10 10 10 15 16 10 10 10 10 10 10 10 10 10 13 3 44 51 64 66 64 65 65 66 64 65 65 65 33 34 51 43 1 1 35 36 93 17 64 65 93 17 64 65 93 17 64 65
93 17 64 86 93 17 64 86 93 17 64 86 93 17 64 86 93 17 64 86 93 17 64 86 93 17 43 44 1 1 1 1 43 44 43 44 43 44 43 44 43 44 82 66 64 65 65 66 64 65 65 66 64 65 65 66 64 65 43 44 43 44 43 44 3 4 14 10 10 10 3 4 3 4 3 4 3 4 19 10 10 10 13 18 18 13 3 4 3 4 19 10 10 10 3 4 43 44 64 66 64 65 65 66 64 65 43 44 43 44 43 44 1 1 43 44 43 44 64 86 93 17 64 86 93 17 64 86
94 17 64 88 94 17 64 88 94 17 64 88 94 17 64 88 94 17 64 88 94 17 64 88 94 17 1 1 1 1 1 1 44 51 51 43 44 51 51 43 44 51 64 66 64 65 65 66 64 65 65 66 64 65 65 66 64 65 51 43 44 51 51 43 4 13 14 10 10 10 13 3 4 13 13 3 4 13 14 10 10 10 13 3 4 13 13 3 4 13 14 10 10 10 13 3 44 51 64 66 64 65 65 66 64 65 51 43 44 51 51 43 1 1 1 1 1 1 64 88 94 17 64 88 94 17 64 88
43 44 43 44 43 44 43 44 43 44 43 44 43 44 43 44 43 44 43 44 43 44 43 44 43 44 1 1 1 1 1 1 43 44 57 58 58 58 58 58 58 58 85 66 64 86 65 66 64 86 65 66 64 86 65 66 64 86 58 58 58 58 43 44 3 4 14 8 9 10 11 6 6 6 6 6 6 6 7 8 9 10 11 6 6 6 6 6 6 6 7 10 10 10 3 4 43 44 64 66 64 86 65 66 64 86 58 58 58 58 43 44 1 1 1 1 1 1 43 44 43 44 43 44 43 44 43 44
1 1 1 1 1 1 1 1 1 1 1 1 1 1 1 1 1 1 1 1 1 1 1 1 1 1 1 1 1 1 1 1 44 51 64 65 65 65 65 65 65 65 65 87 64 88 65 87 64 88 65 87 64 88 65 87 64 88 65 65 65 65 51 43 4 13 14 15 16 10 10 10 10 10 10 10 10 10 10 15 16 10 10 10 10 10 10 10 10 10 10 10 10 10 13 3 44 51 64 87 64 88 65 87 64 88 65 65 65 65 51 43 1 1 1 1 1 1 1 1 1 1 1 1 1 1 1 1
1 1 1 1 1 1 1 1 1 1 1 1 1 1 1 1 1 1 1 1 1 1 1 1 1 1 1 1 1 1 1 1 43 44 43 44 43 44 43 44 43 44 43 44 43 44 43 44 43 44 43 44 43 44 43 44 43 44 43 44 43 44 43 44 3 4 13 18 18 13 3 4 3 4 19 10 10 10 13 18 18 13 3 4 3 4 19 10 10 10 10 10 10 10 3 4 43 44 43 44 43 44 43 44 43 44 43 44 43 44 43 44 1 1 1 1 1 1 1 1 1 1 1 1 1 1 1 1
1 1 1 1 1 1 1 1 1 1 1 1 1 1 1 1 1 1 1 1 1 1 1 1 1 1 1 1 1 1 1 1 44 51 51 43 44 51 51 43 44 51 51 43 44 51 51 43 44 51 51 43 44 51 51 43 44 51 51 43 44 51 51 43 4 13 13 3 4 13 13 3 4 13 14 10 10 10 13 3 4 13 13 3 4 13 14 10 10 10 10 10 10 10 13 3 44 51 51 43 44 51 51 43 44 51 51 43 44 51 51 43 1 1 1 1 1 1 1 1 1 1 1 1 1 1 1 1
