192 189 16 16 363 11
1 1 1 1 1 1 1 1 1 1 1 1 1 1 1 1 1 1 1 1 1 1 1 1 1 1 1 1 1 1 1 1 1 1 1 1 1 1 1 1 1 1 1 1 1 1 1 1 1 1 1 1 1 1 1 1 1 1 1 1 1 1 1 1 1 1 1 1 1 1 1 1 1 1 1 1 1 1 1 1 1 1 1 1 1 1 1 1 1 1 1 1 1 1 1 1 2 3 2 3 2 3 2 3 2 3 2 3 2 3 2 3 2 3 2 3 2 3 2 3 2 3 2 3 2 3 2 3 4 4 5 6 7 8 5 4 6 7 5 6 7 8 5 6 7 8 5 4 6 7 5 6 7 8 5 4 6 7 4 4 4 4 9 10 10 10 10 10 10 10 10 11 12 10 10 11 12 10 10 10 10 10 10 11 12 10 10 10 10 10 4 4
1 1 1 1 1 1 1 1 1 1 1 1 1 1 1 1 1 1 1 1 1 1 1 1 1 1 1 1 1 1 1 1 1 1 1 1 1 1 1 1 1 1 1 1 1 1 1 1 1 1 1 1 1 1 1 1 1 1 1 1 1 1 1 1 1 1 1 1 1 1 1 1 1 1 1 1 1 1 1 1 1 1 1 1 1 1 1 1 1 1 1 1 1 1 1 1 3 13 13 2 3 13 13 2 3 13 13 2 3 13 13 2 3 13 13 2 3 13 13 2 3 13 13 2 3 13 2 3 4 4 14 8 15 16 14 5 6 17 14 8 15 16 14 8 15 16 14 5 6 17 14 8 15 16 14 5 6 17 4 4 18 4 19 20 20 20 20 20 20 20 20 21 22 20 20 21 22 20 20 20 20 20 20 21 22 20 20 20 20 20 4 18
1 1 1 1 1 1 1 1 1 1 1 1 1 1 1 1 1 1 1 1 1 1 1 1 1 1 1 1 1 1 1 1 1 1 1 1 1 1 1 1 1 1 1 1 1 1 1 1 1 1 1 1 1 1 1 1 1 1 1 1 1 1 1 1 1 1 1 1 1 1 1 1 1 1 1 1 1 1 1 1 1 1 1 1 1 1 1 1 1 1 1 1 1 1 1 1 2 3 23 24 24 24 24 25 26 27 28 25 26 27 28 25 26 27 28 25 26 27 28 25 23 24 24 24 24 24 29 30 4 4 16 16 16 16 31 8 8 15 16 16 16 16 16 16 16 16 31 8 8 15 16 16 16 16 31 8 8 15 4 4 32 4 19 20 20 20 20 20 20 20 20 33 34 20 20 33 34 20 20 20 20 20 20 33 34 20 20 20 20 20 4 32
1 1 1 1 1 1 1 1 1 1 1 1 1 1 1 1 1 1 1 1 1 1 1 1 1 1 1 1 1 1 1 1 1 1 1 1 1 1 1 1 1 1 1 1 1 1 1 1 1 1 1 1 1 1 1 1 1 1 1 1 1 1 1 1 1 1 1 1 1 1 1 1 1 1 1 1 1 1 1 1 1 1 1 1 1 1 1 1 1 1 1 1 1 1 1 1 3 13 35 36 36 36 36 37 38 39 40 37 38 39 40 37 38 39 40 37 38 39 40 37 35 36 36 36 36 36 13 2 4 4 16 41 16 16 42 16 41 16 16 41 16 16 16 41 16 16 42 16 41 16 16 41 16 16 42 16 41 16 4 4 43 4 19 20 20 20 20 20 20 20 44 45 46 47 44 45 46 47 20 20 20 20 44 45 46 47 20 20 20 20 4 43
1 1 1 1 1 1 1 1 1 1 1 1 1 1 1 1 1 1 1 1 1 1 1 1 1 1 1 1 1 1 1 1 1 1 1 1 1 1 1 1 1 1 1 1 1 1 1 1 1 1 1 1 1 1 1 1 1 1 1 1 1 1 1 1 1 1 1 1 1 1 1 1 1 1 1 1 1 1 1 1 1 1 1 1 1 1 1 1 1 1 1 1 1 1 1 1 2 3 35 36 36 36 36 37 35 36 36 37 35 36 36 37 35 36 36 37 35 36 36 37 35 36 2 3 2 3 2 3 4 4 41 48 16 16 49 50 51 52 16 48 53 52 41 48 16 16 49 50 51 52 41 48 16 16 49 50 51 52 4 4 4 4 19 20 20 20 20 20 20 20 4 54 55 4 4 56 57 4 4 58 58 4 4 54 55 4 59 20 20 20 4 4
1 1 1 1 1 1 1 1 1 1 1 1 1 1 1 1 1 1 1 1 1 1 1 1 1 1 1 1 1 1 1 1 1 1 1 1 1 1 1 1 1 1 1 1 1 1 1 1 1 1 1 1 1 1 1 1 1 1 1 1 1 1 1 1 1 1 1 1 1 1 1 1 1 1 1 1 1 1 1 1 1 1 1 1 1 1 1 1 1 1 1 1 1 1 1 1 3 13 35 36 36 36 36 37 35 36 36 37 35 36 36 37 35 36 36 37 35 36 36 37 35 36 13 2 3 13 13 2 4 4 51 60 52 50 51 61 62 63 53 61 62 63 51 60 52 50 51 61 62 63 51 60 52 50 51 61 62 63 4 4 18 4 19 20 20 20 20 20 4 4 4 18 18 4 4 64 64 4 4 64 64 4 4 18 18 4 4 4 20 20 4 18
1 1 1 1 1 1 1 1 1 1 1 1 1 1 1 1 1 1 1 1 1 1 1 1 1 1 1 1 1 1 1 1 1 1 1 1 1 1 1 1 1 1 1 1 1 1 1 1 1 1 1 1 1 1 1 1 1 1 1 1 1 1 1 1 1 1 1 1 1 1 1 1 1 1 1 1 1 1 1 1 1 1 1 1 1 1 1 1 1 1 1 1 1 1 1 1 2 3 35 36 65 66 36 37 35 36 36 37 35 36 36 37 35 36 36 37 35 36 36 37 35 36 24 24 67 68 2 3 4 4 69 70 63 61 62 71 62 71 62 71 62 71 62 62 63 61 62 71 62 71 62 62 63 61 62 71 72 73 4 4 32 4 74 75 20 20 20 20 76 10 4 32 32 4 4 18 18 4 4 18 18 4 4 32 32 4 9 10 20 20 4 32
1 1 1 1 1 1 1 1 1 1 1 1 1 1 1 1 1 1 1 1 1 1 1 1 1 1 1 1 1 1 1 1 1 1 1 1 1 1 1 1 1 1 1 1 1 1 1 1 1 1 1 1 1 1 1 1 1 1 1 1 1 1 1 1 1 1 1 1 1 1 1 1 1 1 1 1 1 1 1 1 1 1 1 1 1 1 1 1 1 1 1 1 1 1 1 1 3 13 35 77 78 79 36 37 35 36 36 37 35 36 36 37 35 36 36 37 35 36 36 37 35 36 36 36 80 81 13 2 4 4 82 83 62 62 71 62 71 62 71 62 71 62 62 71 62 62 71 62 71 62 62 71 62 62 71 62 84 85 4 4 43 4 82 83 20 20 20 20 20 20 4 43 43 4 4 43 43 4 4 43 43 4 4 43 43 4 19 20 20 20 4 43
1 1 1 1 1 1 1 1 1 1 1 1 1 1 1 1 1 1 1 1 1 1 1 1 1 1 1 1 1 1 1 1 1 1 1 1 1 1 1 1 1 1 1 1 1 1 1 1 1 1 1 1 1 1 1 1 1 1 1 1 1 1 1 1 1 1 1 1 1 1 1 1 1 1 1 1 1 1 1 1 1 1 1 1 1 1 1 1 1 1 1 1 1 1 1 1 2 3 2 77 2 3 86 37 35 36 36 37 35 36 2 3 2 3 86 37 35 36 36 37 35 36 2 3 2 3 2 3 4 4 87 88 89 90 91 91 91 91 89 90 89 90 91 91 91 91 89 90 89 90 91 91 91 91 89 90 92 93 4 4 4 4 94 95 4 4 59 20 20 20 10 11 12 10 10 10 10 10 10 11 12 10 4 4 4 4 19 20 20 20 4 4
1 1 1 1 1 1 1 1 1 1 1 1 1 1 1 1 1 1 1 1 1 1 1 1 1 1 1 1 1 1 1 1 1 1 1 1 1 1 1 1 1 1 1 1 1 1 1 1 1 1 1 1 1 1 1 1 1 1 1 1 1 1 1 1 1 1 1 1 1 1 1 1 1 1 1 1 1 1 1 1 1 1 1 1 1 1 1 1 1 1 1 1 1 1 1 1 3 13 13 77 3 13 35 37 35 36 36 37 35 36 13 2 3 13 35 37 35 36 36 37 35 36 13 2 3 13 13 2 4 4 4 4 4 4 96 96 96 96 4 4 4 4 96 96 96 96 4 4 4 4 96 96 96 96 4 4 4 4 4 4 18 4 4 18 18 4 4 4 20 20 20 21 22 20 20 20 20 20 20 21 22 20 4 18 18 4 19 20 4 4 4 18
1 1 1 1 1 1 1 1 1 1 1 1 1 1 1 1 1 1 1 1 1 1 1 1 1 1 1 1 1 1 1 1 1 1 1 1 1 1 1 1 1 1 1 1 1 1 1 1 1 1 1 1 1 1 1 1 1 1 1 1 1 1 1 1 1 1 1 1 1 1 1 1 1 1 1 1 1 1 1 1 1 1 1 1 1 1 1 1 1 1 1 1 1 1 1 1 2 3 23 77 23 24 97 37 35 36 36 37 35 36 24 25 23 24 97 37 35 98 36 37 35 98 24 25 26 27 2 3 4 4 4 4 4 4 99 100 99 100 4 4 4 4 99 100 99 100 4 4 4 4 99 100 99 100 4 4 4 4 4 4 32 4 4 32 32 4 9 10 20 20 20 33 34 20 20 20 20 20 20 33 34 20 4 32 32 4 19 20 76 10 4 32
1 1 1 1 1 1 1 1 1 1 1 1 1 1 1 1 1 1 1 1 1 1 1 1 1 1 1 1 1 1 1 1 1 1 1 1 1 1 1 1 1 1 1 1 1 1 1 1 1 1 1 1 1 1 1 1 1 1 1 1 1 1 1 1 1 1 1 1 1 1 1 1 1 1 1 1 1 1 1 1 1 1 1 1 1 1 1 1 1 1 1 1 1 1 1 1 3 13 35 77 35 36 36 37 35 36 36 37 35 36 36 37 35 36 36 101 35 102 36 101 35 102 36 37 38 39 13 2 4 4 4 4 4 4 4 4 4 4 4 4 4 4 4 4 4 4 4 4 4 4 4 4 4 4 4 4 4 4 4 4 43 4 4 43 43 4 19 20 20 20 44 45 46 47 20 20 20 20 44 45 46 47 4 43 43 4 19 20 20 20 4 43
1 1 1 1 1 1 1 1 1 1 1 1 1 1 1 1 1 1 1 1 1 1 1 1 1 1 1 1 1 1 1 1 1 1 1 1 1 1 1 1 1 1 1 1 1 1 1 1 1 1 1 1 1 1 1 1 1 1 1 1 1 1 1 1 1 1 1 1 1 1 1 1 1 1 1 1 1 1 1 1 1 1 1 1 1 1 1 1 1 1 1 1 1 1 1 1 2 3 35 77 35 36 36 37 35 36 36 37 35 36 36 37 35 36 2 3 2 3 2 3 2 3 86 37 35 36 2 3 4 4 4 4 4 4 4 4 4 4 4 4 4 4 4 4 4 4 4 4 4 4 4 4 4 4 4 4 4 4 4 4 4 4 4 4 4 4 4 4 4 4 4 54 55 4 4 4 4 4 4 54 55 4 4 4 4 4 59 20 20 20 4 4
1 1 1 1 1 1 1 1 1 1 1 1 1 1 1 1 1 1 1 1 1 1 1 1 1 1 1 1 1 1 1 1 1 1 1 1 1 1 1 1 1 1 1 1 1 1 1 1 1 1 1 1 1 1 1 1 1 1 1 1 1 1 1 1 1 1 1 1 1 1 1 1 1 1 1 1 1 1 1 1 1 1 1 1 1 1 1 1 1 1 1 1 1 1 1 1 3 13 35 77 35 36 36 37 35 36 36 37 35 36 36 37 35 36 13 2 3 13 13 2 3 13 35 37 35 36 13 2 4 4 4 4 4 4 4 4 4 4 4 4 4 4 4 4 4 4 4 4 4 4 4 4 4 4 4 4 4 4 4 18 18 4 4 18 18 4 4 18 18 4 4 18 18 4 4 18 18 4 4 18 18 4 4 18 18 4 4 4 20 20 4 18
1 1 1 1 1 1 1 1 1 1 1 1 1 1 1 1 1 1 1 1 1 1 1 1 1 1 1 1 1 1 1 1 1 1 1 1 1 1 1 1 1 1 1 1 1 1 1 1 1 1 1 1 1 1 1 1 1 1 1 1 1 1 1 1 1 1 1 1 1 1 1 1 1 1 1 1 1 1 1 1 1 1 1 1 1 1 1 1 1 1 1 1 1 1 1 1 2 3 35 77 35 36 36 37 35 36 36 37 35 36 36 37 35 98 24 25 26 27 28 25 23 24 97 37 35 36 2 3 4 4 4 4 4 4 4 4 4 4 4 4 4 4 4 4 4 4 4 4 4 4 4 4 4 4 4 4 4 4 4 32 32 4 4 32 32 4 4 32 32 4 4 32 32 4 4 32 32 4 4 32 32 4 4 32 32 4 9 10 20 20 4 32
1 1 1 1 1 1 1 1 1 1 1 1 1 1 1 1 1 1 1 1 1 1 1 1 1 1 1 1 1 1 1 1 1 1 1 1 1 1 1 1 1 1 1 1 1 1 1 1 1 1 1 1 1 1 1 1 1 1 1 1 1 1 1 1 1 1 1 1 1 1 1 1 1 1 1 1 1 1 1 1 1 1 1 1 1 1 1 1 1 1 1 1 1 1 1 1 3 13 35 77 35 36 36 37 35 36 36 37 35 36 36 101 35 102 36 37 38 39 40 37 35 36 36 37 35 36 13 2 4 4 4 4 4 4 4 4 4 4 4 4 4 4 4 4 4 4 4 4 4 4 4 4 4 4 4 4 4 4 4 43 43 4 4 43 43 4 4 43 43 4 4 43 43 4 4 43 43 4 4 43 43 4 4 43 43 4 19 20 20 20 4 43
1 1 1 1 1 1 1 1 1 1 1 1 1 1 1 1 1 1 1 1 1 1 1 1 1 1 1 1 1 1 1 1 1 1 1 1 1 1 1 1 1 1 1 1 1 1 1 1 1 1 1 1 1 1 1 1 1 1 1 1 1 1 1 1 1 1 1 1 1 1 1 1 1 1 1 1 1 1 1 1 1 1 1 1 1 1 1 1 1 1 1 1 1 1 1 1 2 3 35 77 35 36 36 37 35 36 36 37 35 36 2 3 2 3 86 37 35 36 36 37 35 36 36 37 35 36 2 3 4 4 4 4 4 4 4 4 4 4 4 4 4 4 4 4 4 4 4 4 4 4 4 4 4 4 4 4 4 4 4 4 4 4 9 10 10 10 10 10 10 10 4 4 4 4 9 10 10 10 10 11 12 10 10 10 10 10 103 20 20 20 4 4
1 1 1 1 1 1 1 1 1 1 1 1 1 1 1 1 1 1 1 1 1 1 1 1 1 1 1 1 1 1 1 1 1 1 1 1 1 1 1 1 1 1 1 1 1 1 1 1 1 1 1 1 1 1 1 1 1 1 1 1 1 1 1 1 1 1 1 1 1 1 1 1 1 1 1 1 1 1 1 1 1 1 1 1 1 1 1 1 1 1 1 1 1 1 1 1 3 13 35 77 35 36 36 37 35 36 36 37 35 36 13 2 3 13 35 37 35 36 36 37 35 36 36 37 35 36 13 2 4 4 104 105 104 105 104 105 104 105 104 105 104 105 104 105 104 105 104 105 104 105 104 105 104 105 104 105 104 105 4 4 18 4 19 20 20 20 20 20 20 20 4 18 18 4 19 20 106 20 20 21 22 20 20 20 20 20 20 20 4 4 4 107
1 1 1 1 1 1 1 1 1 1 1 1 1 1 1 1 1 1 1 1 1 1 1 1 1 1 1 1 1 1 1 1 1 1 1 1 1 1 1 1 1 1 1 1 1 1 1 1 1 1 1 1 1 1 1 1 1 1 1 1 1 1 1 1 1 1 1 1 1 1 1 1 1 1 1 1 1 1 1 1 1 1 1 1 1 1 1 1 1 1 1 1 1 1 1 1 2 3 35 77 35 98 36 37 35 98 36 37 35 98 24 24 24 24 97 37 35 98 36 37 35 36 36 37 35 98 2 3 4 4 108 108 108 108 108 109 110 111 108 109 110 111 108 109 110 111 108 109 110 111 108 109 110 111 108 109 110 111 4 4 32 4 19 20 20 20 20 20 20 20 4 32 32 4 19 20 20 20 20 33 34 20 20 20 20 20 20 20 76 10 4 112
1 1 1 1 1 1 1 1 1 1 1 1 1 1 1 1 1 1 1 1 1 1 1 1 1 1 1 1 1 1 1 1 1 1 1 1 1 1 1 1 1 1 1 1 1 1 1 1 1 1 1 1 1 1 1 1 1 1 1 1 1 1 1 1 1 1 1 1 1 1 1 1 1 1 1 1 1 1 1 1 1 1 1 1 1 1 1 1 1 1 1 1 1 1 1 1 3 13 35 77 35 102 36 101 35 102 36 101 35 102 36 36 36 36 36 101 35 102 36 37 35 36 36 101 35 102 13 2 4 4 108 108 113 114 114 114 115 108 113 114 115 108 113 114 115 108 113 114 115 108 113 114 115 108 113 114 115 108 4 4 43 4 19 20 20 20 20 20 20 20 4 43 43 4 19 20 20 20 44 45 46 47 20 20 20 20 20 20 20 20 4 43
1 1 1 1 1 1 1 1 1 1 1 1 1 1 1 1 1 1 1 1 1 1 1 1 1 1 1 1 1 1 1 1 1 1 1 1 1 1 1 1 1 1 1 1 1 1 1 1 1 1 1 1 1 1 1 1 1 1 1 1 1 1 1 1 1 1 1 1 1 1 1 1 1 1 1 1 1 1 1 1 1 1 1 1 1 1 1 1 1 1 1 1 1 1 1 1 2 3 2 3 2 3 116 116 116 116 2 3 2 3 2 3 2 3 2 3 2 3 86 37 35 36 2 3 2 3 2 3 4 4 108 108 117 118 118 118 119 108 117 118 119 108 117 118 119 108 117 118 119 108 117 118 119 108 117 118 119 108 4 4 4 4 19 20 20 20 20 20 20 20 4 4 4 4 59 20 20 20 4 54 55 4 4 58 58 4 59 20 20 20 4 4
1 1 1 1 1 1 1 1 1 1 1 1 1 1 1 1 1 1 1 1 1 1 1 1 1 1 1 1 1 1 1 1 1 1 1 1 1 1 1 1 1 1 1 1 1 1 1 1 1 1 1 1 1 1 1 1 1 1 1 1 1 1 1 1 1 1 1 1 1 1 1 1 1 1 1 1 1 1 1 1 1 1 1 1 1 1 1 1 1 1 1 1 1 1 1 1 3 13 13 2 3 13 13 2 3 13 13 2 3 13 13 2 3 13 13 2 3 13 35 37 35 36 13 2 3 13 13 2 4 4 108 108 117 118 118 118 119 108 117 118 119 108 117 118 119 108 117 118 119 108 117 118 119 108 117 118 119 108 4 4 18 4 19 20 20 20 20 20 4 4 4 18 18 4 4 4 20 20 4 18 18 4 4 64 64 4 4 4 20 20 4 18
1 1 1 1 1 1 1 1 1 1 1 1 1 1 1 1 1 1 1 1 1 1 1 1 1 1 1 1 1 1 1 1 1 1 1 1 1 1 1 1 1 1 1 1 1 1 1 1 1 1 1 1 1 1 1 1 1 1 1 1 1 1 1 1 1 1 1 1 1 1 1 1 1 1 1 1 1 1 1 1 1 1 1 1 1 1 1 1 1 1 1 1 1 1 1 1 2 3 23 25 26 27 28 25 26 27 28 25 26 27 28 25 26 27 28 25 23 24 97 37 35 98 24 25 26 27 2 3 4 4 108 108 117 118 118 118 119 108 117 118 119 108 117 118 119 108 117 118 119 108 117 118 119 108 117 118 120 121 4 4 32 4 74 75 20 20 20 20 76 10 4 32 32 4 9 10 20 20 4 32 32 4 4 18 18 4 9 10 20 20 4 32
1 1 1 1 1 1 1 1 1 1 1 1 1 1 1 1 1 1 1 1 1 1 1 1 1 1 1 1 1 1 1 1 1 1 1 1 1 1 1 1 1 1 1 1 1 1 1 1 1 1 1 1 1 1 1 1 1 1 1 1 1 1 1 1 1 1 1 1 1 1 1 1 1 1 1 1 1 1 1 1 1 1 1 1 1 1 1 1 1 1 1 1 1 1 1 1 3 13 35 37 38 39 40 37 38 39 40 37 38 39 40 37 38 39 40 37 35 36 36 101 35 102 36 37 38 39 13 2 4 4 108 108 117 118 118 118 119 108 117 118 119 108 117 118 119 108 117 118 119 108 117 118 119 108 117 118 84 85 4 4 43 4 82 83 20 20 20 20 20 20 4 43 43 4 19 20 20 20 4 43 43 4 4 43 43 4 19 20 20 20 4 43
1 1 1 1 1 1 1 1 1 1 1 1 1 1 1 1 1 1 1 1 1 1 1 1 1 1 1 1 1 1 1 1 1 1 1 1 1 1 1 1 1 1 1 1 1 1 1 1 1 1 1 1 1 1 1 1 1 1 1 1 1 1 1 1 1 1 1 1 1 1 1 1 1 1 1 1 1 1 1 1 1 1 1 1 1 1 1 1 1 1 1 1 1 1 1 1 2 3 35 37 35 36 36 37 35 36 36 37 35 36 36 37 35 36 36 37 35 36 2 3 2 3 86 37 35 36 2 3 4 4 108 108 122 123 118 124 119 108 117 124 119 108 117 124 119 108 117 124 119 108 117 124 119 108 125 126 127 128 4 4 4 4 94 95 4 4 59 20 20 20 10 11 12 10 103 20 20 20 4 4 4 4 10 11 12 10 103 20 20 20 4 4
1 1 1 1 1 1 1 1 1 1 1 1 1 1 1 1 1 1 1 1 1 1 1 1 1 1 1 1 1 1 1 1 1 1 1 1 1 1 1 1 1 1 1 1 1 1 1 1 1 1 1 1 1 1 1 1 1 1 1 1 1 1 1 1 1 1 1 1 1 1 1 1 1 1 1 1 1 1 1 1 1 1 1 1 1 1 1 1 1 1 1 1 1 1 1 1 3 13 35 37 35 36 36 37 35 36 36 37 35 36 36 37 35 36 36 37 35 36 13 2 3 13 35 37 35 36 13 129 4 4 108 108 130 131 118 132 133 108 117 132 133 108 117 132 133 108 117 132 133 108 117 132 133 108 4 4 4 4 4 4 18 4 4 18 18 4 4 4 20 20 20 21 22 20 20 20 4 4 4 18 18 4 20 21 22 20 20 20 4 4 4 18
1 1 1 1 1 1 1 1 1 1 1 1 1 1 1 1 1 1 1 1 1 1 1 1 1 1 1 1 1 1 1 1 1 1 1 1 1 1 1 1 1 1 1 1 1 1 1 1 1 1 1 1 1 1 1 1 1 1 1 1 1 1 1 1 1 1 1 1 1 1 1 1 1 1 1 1 1 1 1 1 1 1 1 1 1 1 1 1 1 1 1 1 1 1 1 1 2 3 35 37 35 98 36 37 35 36 36 37 35 98 36 37 35 98 36 37 35 98 24 24 24 24 97 37 35 98 2 134 4 4 104 105 135 136 125 126 137 105 125 126 137 105 125 126 137 105 125 126 137 105 125 126 137 105 4 4 4 4 4 4 32 4 4 32 32 4 9 10 20 20 20 33 34 20 20 20 76 10 4 32 32 4 20 33 34 20 20 20 76 10 4 32
1 1 1 1 1 1 1 1 1 1 1 1 1 1 1 1 1 1 1 1 1 1 1 1 1 1 1 1 1 1 1 1 1 1 1 1 1 1 1 1 1 1 1 1 1 1 1 1 1 1 1 1 1 1 1 1 1 1 1 1 1 1 1 1 1 1 1 1 1 1 1 1 1 1 1 1 1 1 1 1 1 1 1 1 1 1 1 1 1 1 1 1 1 1 1 1 3 13 35 101 35 102 36 37 35 36 36 101 35 102 36 101 35 102 36 101 35 102 36 36 36 36 36 101 35 102 13 129 4 4 4 4 4 4 4 4 4 4 4 4 4 4 4 4 4 4 4 4 4 4 4 4 4 4 4 4 4 4 4 4 43 4 4 43 43 4 19 20 20 20 44 45 46 47 20 20 20 20 4 43 43 4 44 45 46 47 20 20 20 20 4 43
1 1 1 1 1 1 1 1 1 1 1 1 1 1 1 1 1 1 1 1 1 1 1 1 1 1 1 1 1 1 1 1 1 1 1 1 1 1 1 1 1 1 1 1 1 1 1 1 1 1 1 1 1 1 1 1 1 1 1 1 1 1 1 1 1 1 1 1 1 1 1 1 1 1 1 1 1 1 1 1 1 1 1 1 1 1 1 1 1 1 1 1 1 1 1 1 2 3 2 3 2 3 86 37 35 36 2 3 2 3 116 116 116 116 2 3 2 3 2 3 2 3 2 3 2 3 2 134 4 4 4 4 4 4 4 4 4 4 4 4 4 4 4 4 4 4 4 4 4 4 4 4 4 4 4 4 4 4 4 4 4 4 4 4 4 4 4 58 58 4 4 54 55 4 4 58 58 4 4 4 4 4 4 54 55 4 4 4 4 4 4 4
1 1 1 1 1 1 1 1 1 1 1 1 1 1 1 1 1 1 1 1 1 1 1 1 1 1 1 1 1 1 1 1 1 1 1 1 1 1 1 1 1 1 1 1 1 1 1 1 1 1 1 1 1 1 1 1 1 1 1 1 1 1 1 1 1 1 1 1 1 1 1 1 1 1 1 1 1 1 1 1 1 1 1 1 1 1 1 1 1 1 1 1 1 1 1 1 3 13 13 2 3 13 35 37 35 36 13 2 3 13 13 2 3 13 13 2 3 13 13 2 3 13 13 2 3 13 13 2 3 13 13 2 3 13 13 2 3 13 13 2 3 13 13 2 3 13 13 2 3 13 13 2 3 13 13 2 3 13 13 2 18 4 4 18 18 4 4 64 64 4 4 18 18 4 4 64 64 4 4 18 18 4 4 18 18 4 4 18 18 4 4 18
1 1 1 1 1 1 1 1 1 1 1 1 1 1 1 1 1 1 1 1 1 1 1 1 1 1 1 1 1 1 1 1 1 1 1 1 1 1 1 1 1 1 1 1 1 1 1 1 1 1 1 1 1 1 1 1 1 1 1 1 1 1 1 1 1 1 1 1 1 1 1 1 1 1 1 1 1 1 1 1 1 1 1 1 1 1 1 1 1 1 1 1 1 1 1 1 2 3 23 25 23 24 97 37 35 98 24 25 26 27 28 25 26 27 28 25 26 27 28 25 26 27 28 25 26 27 2 3 2 3 2 3 2 3 2 3 2 3 2 3 2 3 2 3 2 3 2 3 2 3 2 3 2 3 2 3 2 3 2 3 32 4 4 32 32 4 4 18 18 4 4 32 32 4 4 18 18 4 4 32 32 4 4 32 32 4 4 32 32 4 4 32
1 1 1 1 1 1 1 1 1 1 1 1 1 1 1 1 1 1 1 1 1 1 1 1 1 1 1 1 1 1 1 1 1 1 1 1 1 1 1 1 1 1 1 1 1 1 1 1 1 1 1 1 1 1 1 1 1 1 1 1 1 1 1 1 1 1 1 1 1 1 1 1 1 1 1 1 1 1 1 1 1 1 1 1 1 1 1 1 1 1 1 1 1 1 1 1 3 13 35 37 35 36 36 101 35 102 36 37 38 39 40 37 38 39 40 37 38 39 40 37 38 39 40 37 38 39 13 2 3 13 13 2 3 13 13 2 3 13 13 2 3 13 13 2 3 13 13 2 3 13 13 2 3 13 13 2 3 13 13 2 43 4 4 43 43 4 4 43 43 4 4 43 43 4 4 43 43 4 4 43 43 4 4 43 43 4 4 43 43 4 4 43
1 1 1 1 1 1 1 1 1 1 1 1 1 1 1 1 1 1 1 1 1 1 1 1 1 1 1 1 1 1 1 1 1 1 1 1 1 1 1 1 1 1 1 1 1 1 1 1 1 1 1 1 1 1 1 1 1 1 1 1 1 1 1 1 1 1 1 1 1 1 1 1 1 1 1 1 1 1 1 1 1 1 1 1 1 1 1 1 1 1 1 1 1 1 1 1 2 3 35 37 35 36 2 3 2 3 86 37 35 36 36 37 35 36 36 37 35 36 36 37 35 36 36 37 35 36 2 3 2 3 2 3 2 3 2 3 2 3 2 3 2 3 2 3 2 3 2 3 2 3 2 3 2 3 2 3 2 3 2 3 1 1 1 1 1 1 1 1 1 1 1 1 1 1 1 1 1 1 1 1 1 1 1 1 1 1 1 1 1 1 1 1
1 1 1 1 1 1 1 1 1 1 1 1 1 1 1 1 1 1 1 1 1 1 1 1 1 1 1 1 1 1 1 1 1 1 1 1 1 1 1 1 1 1 1 1 1 1 1 1 1 1 1 1 1 1 1 1 1 1 1 1 1 1 1 1 1 1 1 1 1 1 1 1 1 1 1 1 1 1 1 1 1 1 1 1 1 1 1 1 1 1 1 1 1 1 1 1 3 13 35 37 35 36 13 2 3 13 35 37 35 36 36 37 35 36 36 37 35 36 36 37 35 36 36 37 35 36 13 2 3 13 13 2 3 13 13 2 3 13 13 2 3 13 13 2 3 13 13 2 3 13 13 2 3 13 13 2 3 13 13 2 1 1 1 1 1 1 1 1 1 1 1 1 1 1 1 1 1 1 1 1 1 1 1 1 1 1 1 1 1 1 1 1
1 1 1 1 1 1 1 1 1 1 1 1 1 1 1 1 1 1 1 1 1 1 1 1 1 1 1 1 1 1 1 1 1 1 1 1 1 1 1 1 1 1 1 1 1 1 1 1 1 1 1 1 1 1 1 1 1 1 1 1 1 1 1 1 1 1 1 1 1 1 1 1 1 1 1 1 1 1 1 1 1 1 1 1 1 1 1 1 1 1 1 1 1 1 1 1 2 3 35 37 35 98 24 24 24 24 97 37 35 98 36 37 35 98 36 37 35 36 36 37 35 36 36 37 35 98 2 3 2 3 23 24 24 24 24 25 26 27 28 25 26 27 28 25 26 27 28 25 26 27 28 25 26 27 28 25 26 27 2 3 1 1 1 1 1 1 1 1 1 1 1 1 1 1 1 1 1 1 1 1 1 1 1 1 1 1 1 1 1 1 1 1
1 1 1 1 1 1 1 1 1 1 1 1 1 1 1 1 1 1 1 1 1 1 1 1 1 1 1 1 1 1 1 1 1 1 1 1 1 1 1 1 1 1 1 1 1 1 1 1 1 1 1 1 1 1 1 1 1 1 1 1 1 1 1 1 1 1 1 1 1 1 1 1 1 1 1 1 1 1 1 1 1 1 1 1 1 1 1 1 1 1 1 1 1 1 1 1 3 13 35 101 35 102 36 36 36 36 36 101 35 102 36 101 35 102 36 37 35 36 36 37 35 36 36 101 35 102 13 2 3 13 35 36 36 36 36 37 38 39 40 37 38 39 40 37 38 39 40 37 38 39 40 37 38 39 40 37 38 39 13 2 1 1 1 1 1 1 1 1 1 1 1 1 1 1 1 1 1 1 1 1 1 1 1 1 1 1 1 1 1 1 1 1
1 1 1 1 1 1 1 1 1 1 1 1 1 1 1 1 1 1 1 1 1 1 1 1 1 1 1 1 1 1 1 1 1 1 1 1 1 1 1 1 1 1 1 1 1 1 1 1 1 1 1 1 1 1 1 1 1 1 1 1 1 1 1 1 1 1 1 1 1 1 1 1 1 1 1 1 1 1 1 1 1 1 1 1 1 1 1 1 1 1 1 1 1 1 1 1 2 3 2 3 2 3 2 3 2 3 2 3 2 3 2 3 2 3 86 37 35 36 36 37 35 36 2 3 2 3 2 3 2 3 2 3 2 3 86 37 35 36 36 37 35 36 36 37 35 36 36 37 35 36 36 37 35 36 36 37 35 36 2 3 1 1 1 1 1 1 1 1 1 1 1 1 1 1 1 1 1 1 1 1 1 1 1 1 1 1 1 1 1 1 1 1
1 1 1 1 1 1 1 1 1 1 1 1 1 1 1 1 1 1 1 1 1 1 1 1 1 1 1 1 1 1 1 1 1 1 1 1 1 1 1 1 1 1 1 1 1 1 1 1 1 1 1 1 1 1 1 1 1 1 1 1 1 1 1 1 1 1 1 1 1 1 1 1 1 1 1 1 1 1 1 1 1 1 1 1 1 1 1 1 1 1 1 1 1 1 1 1 3 13 13 2 3 13 13 2 3 13 13 2 3 13 13 2 3 13 35 37 35 36 36 37 35 36 13 2 3 13 13 2 3 13 13 2 3 13 35 37 35 36 36 37 35 36 36 37 35 36 36 37 35 36 36 37 35 36 36 37 35 36 13 2 1 1 1 1 1 1 1 1 1 1 1 1 1 1 1 1 1 1 1 1 1 1 1 1 1 1 1 1 1 1 1 1
1 1 1 1 1 1 1 1 1 1 1 1 1 1 1 1 1 1 1 1 1 1 1 1 1 1 1 1 1 1 1 1 1 1 1 1 1 1 1 1 1 1 1 1 1 1 1 1 1 1 1 1 1 1 1 1 1 1 1 1 1 1 1 1 1 1 1 1 1 1 1 1 1 1 1 1 1 1 1 1 1 1 1 1 1 1 1 1 1 1 1 1 1 1 1 1 2 3 23 25 26 27 28 25 26 27 28 25 26 27 28 25 23 24 97 37 35 98 36 37 35 98 24 24 67 68 2 3 2 3 138 139 23 24 97 37 35 36 36 37 35 36 36 37 35 36 36 37 35 36 36 37 35 36 36 37 35 36 2 3 1 1 1 1 1 1 1 1 1 1 1 1 1 1 1 1 1 1 1 1 1 1 1 1 1 1 1 1 1 1 1 1
1 1 1 1 1 1 1 1 1 1 1 1 1 1 1 1 1 1 1 1 1 1 1 1 1 1 1 1 1 1 1 1 1 1 1 1 1 1 1 1 1 1 1 1 1 1 1 1 1 1 1 1 1 1 1 1 1 1 1 1 1 1 1 1 1 1 1 1 1 1 1 1 1 1 1 1 1 1 1 1 1 1 1 1 1 1 1 1 1 1 1 1 1 1 1 1 3 13 35 37 38 39 40 37 38 39 40 37 38 39 40 37 35 36 36 101 35 102 36 101 35 102 36 36 80 81 13 2 3 13 140 141 35 36 36 37 35 36 36 37 35 36 36 37 35 36 36 37 35 36 36 37 35 36 36 37 35 36 13 2 1 1 1 1 1 1 1 1 1 1 1 1 1 1 1 1 1 1 1 1 1 1 1 1 1 1 1 1 1 1 1 1
1 1 1 1 1 1 1 1 1 1 1 1 1 1 1 1 1 1 1 1 1 1 1 1 1 1 1 1 1 1 1 1 1 1 1 1 1 1 1 1 1 1 1 1 1 1 1 1 1 1 1 1 1 1 1 1 1 1 1 1 1 1 1 1 1 1 1 1 1 1 1 1 1 1 1 1 1 1 1 1 1 1 1 1 1 1 1 1 1 1 1 1 1 1 1 1 2 3 35 37 35 36 36 37 35 36 36 37 35 36 36 37 35 36 2 3 2 3 2 3 2 3 2 3 2 3 2 3 2 3 2 3 2 3 86 37 35 36 36 37 35 36 36 37 35 36 36 37 35 36 36 37 35 36 36 37 35 36 2 3 1 1 1 1 1 1 1 1 1 1 1 1 1 1 1 1 1 1 1 1 1 1 1 1 1 1 1 1 1 1 1 1
1 1 1 1 1 1 1 1 1 1 1 1 1 1 1 1 1 1 1 1 1 1 1 1 1 1 1 1 1 1 1 1 1 1 1 1 1 1 1 1 1 1 1 1 1 1 1 1 1 1 1 1 1 1 1 1 1 1 1 1 1 1 1 1 1 1 1 1 1 1 1 1 1 1 1 1 1 1 1 1 1 1 1 1 1 1 1 1 1 1 1 1 1 1 1 1 3 13 35 37 35 36 36 37 35 36 36 37 35 36 36 37 35 36 13 2 3 13 13 2 3 13 13 2 3 13 13 2 3 13 13 2 3 13 35 37 35 36 36 37 35 36 36 37 35 36 36 37 35 36 36 37 35 36 36 37 35 36 13 2 1 1 1 1 1 1 1 1 1 1 1 1 1 1 1 1 1 1 1 1 1 1 1 1 1 1 1 1 1 1 1 1
1 1 1 1 1 1 1 1 1 1 1 1 1 1 1 1 1 1 1 1 1 1 1 1 1 1 1 1 1 1 1 1 1 1 1 1 1 1 1 1 1 1 1 1 1 1 1 1 1 1 1 1 1 1 1 1 1 1 1 1 1 1 1 1 1 1 1 1 1 1 1 1 1 1 1 1 1 1 1 1 1 1 1 1 1 1 1 1 1 1 1 1 1 1 1 1 2 3 35 37 35 36 36 37 35 98 36 37 35 98 36 37 35 98 24 25 26 27 28 25 26 27 28 25 26 27 2 3 2 3 23 24 24 24 97 37 35 98 36 37 35 98 36 37 35 98 36 37 35 98 36 37 65 66 36 37 35 98 2 3 1 1 1 1 1 1 1 1 1 1 1 1 1 1 1 1 1 1 1 1 1 1 1 1 1 1 1 1 1 1 1 1
1 1 1 1 1 1 1 1 1 1 1 1 1 1 1 1 1 1 1 1 1 1 1 1 1 1 1 1 1 1 1 1 1 1 1 1 1 1 1 1 1 1 1 1 1 1 1 1 1 1 1 1 1 1 1 1 1 1 1 1 1 1 1 1 1 1 1 1 1 1 1 1 1 1 1 1 1 1 1 1 1 1 1 1 1 1 1 1 1 1 1 1 1 1 1 1 3 13 35 37 35 36 36 101 35 102 36 101 35 102 36 101 35 102 36 37 38 39 40 37 38 39 40 37 38 39 13 2 3 13 35 36 36 36 36 101 35 102 36 101 35 102 36 101 35 102 36 101 35 102 36 101 78 79 36 101 35 102 13 2 1 1 1 1 1 1 1 1 1 1 1 1 1 1 1 1 1 1 1 1 1 1 1 1 1 1 1 1 1 1 1 1
1 1 1 1 1 1 1 1 1 1 1 1 1 1 1 1 1 1 1 1 1 1 1 1 1 1 1 1 1 1 1 1 1 1 1 1 1 1 1 1 1 1 1 1 1 1 1 1 1 1 1 1 1 1 1 1 1 1 1 1 1 1 1 1 1 1 1 1 1 1 1 1 1 1 1 1 1 1 1 1 1 1 1 1 1 1 1 1 1 1 1 1 1 1 1 1 2 3 35 37 35 36 2 3 2 3 116 116 116 116 2 3 2 3 86 37 35 36 36 37 35 36 36 37 35 36 2 3 2 3 2 3 2 3 2 3 2 3 2 3 2 3 2 3 2 3 2 3 2 3 2 3 2 3 2 3 2 3 2 3 1 1 1 1 1 1 1 1 1 1 1 1 1 1 1 1 1 1 1 1 1 1 1 1 1 1 1 1 1 1 1 1
1 1 1 1 1 1 1 1 1 1 1 1 1 1 1 1 1 1 1 1 1 1 1 1 1 1 1 1 1 1 1 1 1 1 1 1 1 1 1 1 1 1 1 1 1 1 1 1 1 1 1 1 1 1 1 1 1 1 1 1 1 1 1 1 1 1 1 1 1 1 1 1 1 1 1 1 1 1 1 1 1 1 1 1 1 1 1 1 1 1 1 1 1 1 1 1 3 13 35 37 35 36 13 2 3 13 13 2 3 13 13 2 3 13 35 37 35 36 36 37 35 36 36 37 35 36 13 129 1 1 1 1 1 1 1 1 1 1 1 1 1 1 1 1 1 1 1 1 1 1 1 1 1 1 1 1 1 1 1 1 1 1 1 1 1 1 1 1 1 1 1 1 1 1 1 1 1 1 1 1 1 1 1 1 1 1 1 1 1 1 1 1
1 1 1 1 1 1 1 1 1 1 1 1 1 1 1 1 1 1 1 1 1 1 1 1 1 1 1 1 1 1 1 1 1 1 1 1 1 1 1 1 1 1 1 1 1 1 1 1 1 1 1 1 1 1 1 1 1 1 1 1 1 1 1 1 1 1 1 1 1 1 1 1 1 1 1 1 1 1 1 1 1 1 1 1 1 1 1 1 1 1 1 1 1 1 1 1 2 3 35 37 35 98 24 25 26 27 28 25 26 27 28 25 23 24 97 37 35 36 36 37 35 36 36 37 35 36 2 142 1 1 1 1 1 1 1 1 1 1 1 1 1 1 1 1 1 1 1 1 1 1 1 1 1 1 1 1 1 1 1 1 1 1 1 1 1 1 1 1 1 1 1 1 1 1 1 1 1 1 1 1 1 1 1 1 1 1 1 1 1 1 1 1
1 1 1 1 1 1 1 1 1 1 1 1 1 1 1 1 1 1 1 1 1 1 1 1 1 1 1 1 1 1 1 1 1 1 1 1 1 1 1 1 1 1 1 1 1 1 1 1 1 1 1 1 1 1 1 1 1 1 1 1 1 1 1 1 1 1 1 1 1 1 1 1 1 1 1 1 1 1 1 1 1 1 1 1 1 1 1 1 1 1 1 1 1 1 1 1 3 13 35 101 35 102 36 37 38 39 40 37 38 39 40 37 35 36 36 37 35 36 36 37 35 36 36 37 35 36 13 2 1 1 1 1 1 1 1 1 1 1 1 1 1 1 1 1 1 1 1 1 1 1 1 1 1 1 1 1 1 1 1 1 1 1 1 1 1 1 1 1 1 1 1 1 1 1 1 1 1 1 1 1 1 1 1 1 1 1 1 1 1 1 1 1
1 1 1 1 1 1 1 1 1 1 1 1 1 1 1 1 1 1 1 1 1 1 1 1 1 1 1 1 1 1 1 1 1 1 1 1 1 1 1 1 1 1 1 1 1 1 1 1 1 1 1 1 1 1 1 1 1 1 1 1 1 1 1 1 1 1 1 1 1 1 1 1 1 1 1 1 1 1 1 1 1 1 1 1 1 1 1 1 1 1 1 1 1 1 1 1 2 3 2 3 2 3 86 37 35 36 36 37 35 36 36 37 35 36 36 37 35 36 36 37 35 36 36 37 35 36 2 3 1 1 1 1 1 1 1 1 1 1 1 1 1 1 1 1 1 1 1 1 1 1 1 1 1 1 1 1 1 1 1 1 1 1 1 1 1 1 1 1 1 1 1 1 1 1 1 1 1 1 1 1 1 1 1 1 1 1 1 1 1 1 1 1
1 1 1 1 1 1 1 1 1 1 1 1 1 1 1 1 1 1 1 1 1 1 1 1 1 1 1 1 1 1 1 1 1 1 1 1 1 1 1 1 1 1 1 1 1 1 1 1 1 1 1 1 1 1 1 1 1 1 1 1 1 1 1 1 1 1 1 1 1 1 1 1 1 1 1 1 1 1 1 1 1 1 1 1 1 1 1 1 1 1 1 1 1 1 1 1 143 13 13 2 3 13 35 37 35 36 36 37 35 36 36 37 35 36 36 37 35 36 36 37 35 36 36 37 35 36 13 2 1 1 1 1 1 1 1 1 1 1 1 1 1 1 1 1 1 1 1 1 1 1 1 1 1 1 1 1 1 1 1 1 1 1 1 1 1 1 1 1 1 1 1 1 1 1 1 1 1 1 1 1 1 1 1 1 1 1 1 1 1 1 1 1
1 1 1 1 1 1 1 1 1 1 1 1 1 1 1 1 1 1 1 1 1 1 1 1 1 1 1 1 1 1 1 1 1 1 1 1 1 1 1 1 1 1 1 1 1 1 1 1 1 1 1 1 1 1 1 1 1 1 1 1 1 1 1 1 1 1 1 1 1 1 1 1 1 1 1 1 1 1 1 1 1 1 1 1 1 1 1 1 1 1 1 1 1 1 1 1 2 3 23 24 24 24 97 37 35 98 36 37 35 98 36 37 35 98 36 37 35 98 36 37 35 98 36 37 35 36 2 3 1 1 1 1 1 1 1 1 1 1 1 1 1 1 1 1 1 1 1 1 1 1 1 1 1 1 1 1 1 1 1 1 1 1 1 1 1 1 1 1 1 1 1 1 1 1 1 1 1 1 1 1 1 1 1 1 1 1 1 1 1 1 1 1
1 1 1 1 1 1 1 1 1 1 1 1 1 1 1 1 1 1 1 1 1 1 1 1 1 1 1 1 1 1 1 1 1 1 1 1 1 1 1 1 1 1 1 1 1 1 1 1 1 1 1 1 1 1 1 1 1 1 1 1 1 1 1 1 1 1 1 1 1 1 1 1 1 1 1 1 1 1 1 1 1 1 1 1 1 1 1 1 1 1 1 1 1 1 1 1 143 13 35 36 36 36 36 101 35 102 36 101 35 102 36 101 35 102 36 101 35 102 36 101 35 102 36 37 35 36 13 2 1 1 1 1 1 1 1 1 1 1 1 1 1 1 1 1 1 1 1 1 1 1 1 1 1 1 1 1 1 1 1 1 1 1 1 1 1 1 1 1 1 1 1 1 1 1 1 1 1 1 1 1 1 1 1 1 1 1 1 1 1 1 1 1
1 1 1 1 1 1 1 1 1 1 1 1 1 1 1 1 1 1 1 1 1 1 1 1 1 1 1 1 1 1 1 1 1 1 1 1 1 1 1 1 1 1 1 1 1 1 1 1 1 1 1 1 1 1 1 1 1 1 1 1 1 1 1 1 1 1 1 1 1 1 1 1 1 1 1 1 1 1 1 1 1 1 1 1 1 1 1 1 1 1 1 1 1 1 1 1 2 3 2 3 2 3 2 3 2 3 2 3 2 3 2 3 2 3 116 116 116 116 2 3 2 3 86 37 35 36 2 3 1 1 1 1 1 1 1 1 1 1 1 1 1 1 1 1 1 1 1 1 1 1 1 1 1 1 1 1 1 1 1 1 1 1 1 1 1 1 1 1 1 1 1 1 1 1 1 1 1 1 1 1 1 1 1 1 1 1 1 1 1 1 1 1
1 1 1 1 1 1 1 1 1 1 1 1 1 1 1 1 1 1 1 1 1 1 1 1 1 1 1 1 1 1 1 1 1 1 1 1 1 1 1 1 1 1 1 1 1 1 1 1 1 1 1 1 1 1 1 1 1 1 1 1 1 1 1 1 1 1 1 1 1 1 1 1 1 1 1 1 1 1 1 1 1 1 1 1 1 1 1 1 1 1 1 1 1 1 1 1 143 13 13 2 3 13 13 2 3 13 13 2 3 13 13 2 3 13 13 2 3 13 13 2 3 13 35 37 35 36 13 2 1 1 1 1 1 1 1 1 1 1 1 1 1 1 1 1 1 1 1 1 1 1 1 1 1 1 1 1 1 1 1 1 1 1 1 1 1 1 1 1 1 1 1 1 1 1 1 1 1 1 1 1 1 1 1 1 1 1 1 1 1 1 1 1
1 1 1 1 1 1 1 1 1 1 1 1 1 1 1 1 1 1 1 1 1 1 1 1 1 1 1 1 1 1 1 1 1 1 1 1 1 1 1 1 1 1 1 1 1 1 1 1 1 1 1 1 1 1 1 1 1 1 1 1 1 1 1 1 1 1 1 1 1 1 1 1 1 1 1 1 1 1 1 1 1 1 1 1 1 1 1 1 1 1 1 1 1 1 1 1 2 3 138 139 23 24 24 25 26 27 144 144 26 27 28 25 26 27 28 25 26 27 28 25 23 24 97 37 35 98 2 3 1 1 1 1 1 1 1 1 1 1 1 1 1 1 1 1 1 1 1 1 1 1 1 1 1 1 1 1 1 1 1 1 1 1 1 1 1 1 1 1 1 1 1 1 1 1 1 1 1 1 1 1 1 1 1 1 1 1 1 1 1 1 1 1
1 1 1 1 1 1 1 1 1 1 1 1 1 1 1 1 1 1 1 1 1 1 1 1 1 1 1 1 1 1 1 1 1 1 1 1 1 1 1 1 1 1 1 1 1 1 1 1 1 1 1 1 1 1 1 1 1 1 1 1 1 1 1 1 1 1 1 1 1 1 1 1 1 1 1 1 1 1 1 1 1 1 1 1 1 1 1 1 1 1 1 1 1 1 1 1 143 13 140 141 35 36 36 37 38 39 144 144 38 39 40 37 38 39 40 37 38 39 40 37 35 36 36 101 35 102 13 2 1 1 1 1 1 1 1 1 1 1 1 1 1 1 1 1 1 1 1 1 1 1 1 1 1 1 1 1 1 1 1 1 1 1 1 1 1 1 1 1 1 1 1 1 1 1 1 1 1 1 1 1 1 1 1 1 1 1 1 1 1 1 1 1
1 1 1 1 1 1 1 1 1 1 1 1 1 1 1 1 1 1 1 1 1 1 1 1 1 1 1 1 1 1 1 1 1 1 1 1 1 1 1 1 1 1 1 1 1 1 1 1 1 1 1 1 1 1 1 1 1 1 1 1 1 1 1 1 1 1 1 1 1 1 1 1 1 1 1 1 1 1 1 1 1 1 1 1 1 1 1 1 1 1 1 1 1 1 1 1 2 3 2 3 2 3 86 37 35 36 144 144 35 36 36 37 35 36 36 37 35 36 36 37 35 36 2 3 2 3 2 3 1 1 1 1 1 1 1 1 1 1 1 1 1 1 1 1 1 1 1 1 1 1 1 1 1 1 1 1 1 1 1 1 1 1 1 1 1 1 1 1 1 1 1 1 1 1 1 1 1 1 1 1 1 1 1 1 1 1 1 1 1 1 1 1
1 1 1 1 1 1 1 1 1 1 1 1 1 1 1 1 1 1 1 1 1 1 1 1 1 1 1 1 1 1 1 1 1 1 1 1 1 1 1 1 1 1 1 1 1 1 1 1 1 1 1 1 1 1 1 1 1 1 1 1 1 1 1 1 1 1 1 1 1 1 1 1 1 1 1 1 1 1 1 1 1 1 1 1 1 1 1 1 1 1 1 1 1 1 1 1 143 13 13 2 3 13 35 37 35 36 144 144 35 36 36 37 35 36 36 37 35 36 36 37 35 36 13 2 3 13 13 2 1 1 1 1 1 1 1 1 1 1 1 1 1 1 1 1 1 1 1 1 1 1 1 1 1 1 1 1 1 1 1 1 1 1 1 1 1 1 1 1 1 1 1 1 1 1 1 1 1 1 1 1 1 1 1 1 1 1 1 1 1 1 1 1
1 1 1 1 1 1 1 1 1 1 1 1 1 1 1 1 1 1 1 1 1 1 1 1 1 1 1 1 1 1 1 1 1 1 1 1 1 1 1 1 1 1 1 1 1 1 1 1 1 1 1 1 1 1 1 1 1 1 1 1 1 1 1 1 1 1 1 1 1 1 1 1 1 1 1 1 1 1 1 1 1 1 1 1 1 1 1 1 1 1 1 1 1 1 1 1 2 3 23 25 23 24 36 37 35 98 144 144 35 98 36 37 35 98 36 37 35 36 36 37 35 98 24 24 24 24 2 134 1 1 1 1 1 1 1 1 1 1 1 1 1 1 1 1 1 1 1 1 1 1 1 1 1 1 1 1 1 1 1 1 1 1 1 1 1 1 1 1 1 1 1 1 1 1 1 1 1 1 1 1 1 1 1 1 1 1 1 1 1 1 1 1
1 1 1 1 1 1 1 1 1 1 1 1 1 1 1 1 1 1 1 1 1 1 1 1 1 1 1 1 1 1 1 1 1 1 1 1 1 1 1 1 1 1 1 1 1 1 1 1 1 1 1 1 1 1 1 1 1 1 1 1 1 1 1 1 1 1 1 1 1 1 1 1 1 1 1 1 1 1 1 1 1 1 1 1 1 1 1 1 1 1 1 1 1 1 1 1 143 13 35 37 35 36 36 101 35 102 145 145 35 102 36 101 35 102 36 37 35 36 36 101 35 102 36 36 36 36 13 129 1 1 1 1 1 1 1 1 1 1 1 1 1 1 1 1 1 1 1 1 1 1 1 1 1 1 1 1 1 1 1 1 1 1 1 1 1 1 1 1 1 1 1 1 1 1 1 1 1 1 1 1 1 1 1 1 1 1 1 1 1 1 1 1
1 1 1 1 1 1 1 1 1 1 1 1 1 1 1 1 1 1 1 1 1 1 1 1 1 1 1 1 1 1 1 1 1 1 1 1 1 1 1 1 1 1 1 1 1 1 1 1 1 1 1 1 1 1 1 1 1 1 1 1 1 1 1 1 1 1 1 1 1 1 1 1 1 1 1 1 1 1 1 1 1 1 1 1 1 1 1 1 1 1 1 1 1 1 1 1 2 3 35 37 35 36 2 3 2 3 2 3 2 3 2 3 2 3 86 37 35 36 2 3 2 3 2 3 2 3 2 134 1 1 1 1 1 1 1 1 1 1 1 1 1 1 1 1 1 1 1 1 1 1 1 1 1 1 1 1 1 1 1 1 1 1 1 1 1 1 1 1 1 1 1 1 1 1 1 1 1 1 1 1 1 1 1 1 1 1 1 1 1 1 1 1
1 1 1 1 1 1 1 1 1 1 1 1 1 1 1 1 1 1 1 1 1 1 1 1 1 1 1 1 1 1 1 1 1 1 1 1 1 1 1 1 1 1 1 1 1 1 1 1 1 1 1 1 1 1 1 1 1 1 1 1 1 1 1 1 1 1 1 1 1 1 1 1 1 1 1 1 1 1 1 1 1 1 1 1 1 1 1 1 1 1 1 1 1 1 1 1 143 13 35 37 35 36 13 2 3 13 13 2 3 13 13 2 3 13 35 37 35 36 13 2 3 13 13 2 3 13 13 146 1 1 1 1 1 1 1 1 1 1 1 1 1 1 1 1 1 1 1 1 1 1 1 1 1 1 1 1 1 1 1 1 1 1 1 1 1 1 1 1 1 1 1 1 1 1 1 1 1 1 1 1 1 1 1 1 1 1 1 1 1 1 1 1
1 1 1 1 1 1 1 1 1 1 1 1 1 1 1 1 1 1 1 1 1 1 1 1 1 1 1 1 1 1 1 1 1 1 1 1 1 1 1 1 1 1 1 1 1 1 1 1 1 1 1 1 1 1 1 1 1 1 1 1 1 1 1 1 1 1 1 1 1 1 1 1 1 1 1 1 1 1 1 1 1 1 1 1 1 1 1 1 1 1 1 1 1 1 1 1 147 148 149 37 149 150 151 152 153 154 155 155 156 27 28 25 23 24 97 37 35 98 24 25 26 27 28 25 26 27 2 3 1 1 1 1 1 1 1 1 1 1 1 1 1 1 1 1 1 1 1 1 1 1 1 1 1 1 1 1 1 1 1 1 1 1 1 1 1 1 1 1 1 1 1 1 1 1 1 1 1 1 1 1 1 1 1 1 1 1 1 1 1 1 1 1
1 1 1 1 1 1 1 1 1 1 1 1 1 1 1 1 1 1 1 1 1 1 1 1 1 1 1 1 1 1 1 1 157 157 157 157 157 157 157 157 157 157 157 157 157 157 157 157 157 157 157 157 157 157 157 157 157 157 157 157 157 157 157 157 157 157 157 157 157 157 157 157 157 157 157 157 157 157 157 157 157 157 157 157 157 157 157 157 157 157 157 157 157 157 157 157 158 159 160 161 160 162 163 164 165 166 155 155 167 39 40 37 35 36 36 101 35 102 36 37 38 39 40 37 38 39 13 2 168 168 168 168 168 168 168 168 168 168 168 168 168 168 168 168 168 168 168 168 168 168 168 168 168 168 168 168 168 168 168 168 1 1 1 1 1 1 1 1 1 1 1 1 1 1 1 1 1 1 1 1 1 1 1 1 1 1 1 1 1 1 1 1
1 1 1 1 1 1 1 1 1 1 1 1 1 1 1 1 1 1 1 1 1 1 1 1 1 1 1 1 1 1 1 1 104 105 104 105 104 105 104 105 104 105 104 105 104 105 104 105 4 4 9 10 10 10 10 10 10 10 10 11 12 10 10 10 10 10 10 10 10 10 10 11 12 10 10 10 10 10 4 4 4 4 4 4 4 4 4 4 4 4 4 4 4 4 4 4 147 148 169 158 147 148 169 158 147 148 155 155 170 36 36 37 35 36 2 3 2 3 86 37 35 36 36 37 35 36 2 3 171 172 171 172 171 172 171 172 171 172 171 172 171 172 171 172 171 172 171 172 171 172 171 172 171 172 171 172 171 172 171 172 1 1 1 1 1 1 1 1 1 1 1 1 1 1 1 1 1 1 1 1 1 1 1 1 1 1 1 1 1 1 1 1
1 1 1 1 1 1 1 1 1 1 1 1 1 1 1 1 1 1 1 1 1 1 1 1 1 1 1 1 1 1 1 1 105 173 173 104 105 173 173 104 105 173 173 104 105 173 173 104 18 4 19 20 20 20 20 20 20 20 20 21 22 20 20 20 20 20 20 20 20 20 20 21 22 20 20 20 20 20 4 18 4 4 104 105 104 105 104 105 104 105 104 105 104 105 4 4 158 159 159 147 158 159 159 174 158 159 155 155 170 36 36 37 35 36 13 2 3 13 35 37 35 36 36 37 35 36 13 2 175 176 176 171 172 176 176 171 172 176 176 171 172 176 176 171 172 176 176 171 172 176 176 171 172 176 176 171 172 176 176 171 1 1 1 1 1 1 1 1 1 1 1 1 1 1 1 1 1 1 1 1 1 1 1 1 1 1 1 1 1 1 1 1
1 1 1 1 1 1 1 1 1 1 1 1 1 1 1 1 1 1 1 1 1 1 1 1 1 1 1 1 1 1 1 1 104 105 113 177 178 179 180 177 113 114 114 114 114 114 104 105 32 4 19 20 20 20 20 20 20 20 20 33 34 20 20 20 20 20 20 20 20 20 20 33 34 20 20 20 20 20 4 32 4 4 108 108 108 108 108 109 110 111 108 109 110 111 4 4 181 182 183 184 184 184 184 152 185 186 187 187 188 98 36 37 35 98 24 24 24 24 97 37 35 36 36 37 35 98 2 3 171 172 189 190 190 190 190 190 190 190 190 190 190 190 190 190 190 190 190 190 190 190 190 190 190 190 190 190 190 190 171 172 1 1 1 1 1 1 1 1 1 1 1 1 1 1 1 1 1 1 1 1 1 1 1 1 1 1 1 1 1 1 1 1
1 1 1 1 1 1 1 1 1 1 1 1 1 1 1 1 1 1 1 1 1 1 1 1 1 1 1 1 1 1 1 1 105 173 117 37 191 192 193 37 117 118 118 118 118 118 173 104 43 4 19 20 20 20 20 20 20 20 44 45 46 47 20 20 20 20 20 20 20 20 44 45 46 47 20 20 20 20 4 43 4 4 108 108 113 114 114 114 115 108 113 114 115 108 4 4 3 13 35 36 36 36 36 37 38 39 145 145 35 102 36 101 35 102 36 36 36 36 36 37 35 36 36 101 35 102 13 2 175 176 194 195 195 195 195 195 195 195 195 195 195 195 195 195 195 195 195 195 195 195 195 195 195 195 195 195 195 195 176 171 1 1 1 1 1 1 1 1 1 1 1 1 1 1 1 1 1 1 1 1 1 1 1 1 1 1 1 1 1 1 1 1
1 1 1 1 1 1 1 1 1 1 1 1 1 1 1 1 1 1 1 1 1 1 1 1 1 1 1 1 1 1 1 1 104 105 117 37 117 118 118 37 117 118 125 126 125 126 104 105 4 4 19 20 20 20 20 20 20 20 4 54 55 4 19 20 20 20 4 58 58 4 4 54 55 4 19 20 20 20 4 4 4 4 108 108 117 118 118 118 119 108 117 118 119 108 4 4 2 3 2 3 2 3 144 144 35 36 2 3 2 3 2 3 2 3 2 3 2 3 86 37 35 36 2 3 2 3 2 3 171 172 171 172 171 172 196 195 195 195 195 195 195 195 195 195 195 195 195 195 195 195 171 172 171 172 196 195 195 195 171 172 1 1 1 1 1 1 1 1 1 1 1 1 1 1 1 1 1 1 1 1 1 1 1 1 1 1 1 1 1 1 1 1
1 1 1 1 1 1 1 1 1 1 1 1 1 1 1 1 1 1 1 1 1 1 1 1 1 1 1 1 1 1 1 1 105 173 117 37 117 118 118 37 117 118 173 104 105 173 173 104 18 4 19 20 20 20 20 20 4 4 4 18 18 4 19 20 4 4 4 64 64 4 4 18 18 4 19 20 4 4 4 18 4 4 108 108 117 118 118 118 119 108 117 118 119 108 4 4 3 13 13 2 3 13 144 144 35 36 13 2 3 13 13 2 3 13 13 2 3 13 35 37 35 36 13 2 3 13 13 2 175 176 176 171 172 176 194 195 195 195 195 195 195 195 195 195 195 195 195 195 195 195 176 171 172 176 194 195 195 195 176 171 1 1 1 1 1 1 1 1 1 1 1 1 1 1 1 1 1 1 1 1 1 1 1 1 1 1 1 1 1 1 1 1
1 1 1 1 1 1 1 1 1 1 1 1 1 1 1 1 1 1 1 1 1 1 1 1 1 1 1 1 1 1 1 1 104 105 117 37 117 118 118 37 117 124 114 114 197 121 104 105 32 4 74 75 20 20 20 20 76 10 4 32 32 4 19 20 76 10 4 18 18 4 4 32 32 4 19 20 76 10 4 32 4 4 108 108 117 118 118 118 119 108 117 118 120 121 4 4 2 3 138 139 23 24 144 144 35 98 24 25 26 27 28 25 26 27 28 25 23 24 97 37 35 98 24 24 67 68 2 3 171 172 138 139 189 190 198 195 195 195 195 195 195 195 195 195 195 195 195 195 195 195 199 190 190 190 198 195 195 195 171 172 1 1 1 1 1 1 1 1 1 1 1 1 1 1 1 1 1 1 1 1 1 1 1 1 1 1 1 1 1 1 1 1
1 1 1 1 1 1 1 1 1 1 1 1 1 1 1 1 1 1 1 1 1 1 1 1 1 1 1 1 1 1 1 1 105 173 117 37 117 118 118 37 117 132 118 118 84 85 173 104 43 4 82 83 20 20 20 20 20 20 4 43 43 4 19 20 20 20 4 43 43 4 4 43 43 4 19 20 20 20 4 43 4 4 108 108 117 118 118 118 119 108 117 118 84 85 4 4 3 13 140 141 35 36 145 145 35 102 36 37 38 39 40 37 38 39 40 37 35 36 36 101 35 102 36 36 80 81 13 2 175 176 140 141 194 195 195 195 195 195 195 195 195 195 195 195 195 195 195 195 195 195 195 195 195 195 195 195 195 195 176 171 1 1 1 1 1 1 1 1 1 1 1 1 1 1 1 1 1 1 1 1 1 1 1 1 1 1 1 1 1 1 1 1
1 1 1 1 1 1 1 1 1 1 1 1 1 1 1 1 1 1 1 1 1 1 1 1 1 1 1 1 1 1 1 1 104 105 117 37 117 118 125 200 125 126 125 126 201 202 104 105 4 4 94 95 4 4 19 20 20 20 4 4 4 4 59 20 20 20 10 10 10 10 4 4 4 4 59 20 20 20 4 4 4 4 108 203 204 205 118 124 119 108 125 126 127 128 4 4 2 3 2 3 2 3 2 3 2 3 86 37 35 36 36 37 35 36 36 37 35 36 2 3 2 3 2 3 2 3 2 3 171 172 171 172 171 172 196 195 195 195 195 195 195 195 195 195 195 195 195 195 195 195 195 195 195 195 195 195 195 195 171 172 1 1 1 1 1 1 1 1 1 1 1 1 1 1 1 1 1 1 1 1 1 1 1 1 1 1 1 1 1 1 1 1
1 1 1 1 1 1 1 1 1 1 1 1 1 1 1 1 1 1 1 1 1 1 1 1 1 1 1 1 1 1 1 1 105 173 117 37 117 118 173 104 105 173 173 104 105 173 173 104 18 4 4 18 18 4 19 20 4 4 4 18 18 4 4 4 20 20 20 20 20 20 4 18 18 4 4 4 20 20 4 18 4 4 108 206 207 208 118 132 133 108 4 4 4 4 4 4 3 13 13 2 3 13 13 2 3 13 35 37 35 36 36 37 35 36 36 37 35 36 13 2 3 13 13 2 3 13 13 2 175 176 176 171 172 176 194 195 195 195 195 195 195 195 195 195 195 195 195 195 195 195 195 195 195 195 195 195 195 195 176 171 1 1 1 1 1 1 1 1 1 1 1 1 1 1 1 1 1 1 1 1 1 1 1 1 1 1 1 1 1 1 1 1
1 1 1 1 1 1 1 1 1 1 1 1 1 1 1 1 1 1 1 1 1 1 1 1 1 1 1 1 1 1 1 1 104 105 117 37 117 124 114 177 178 179 180 177 178 179 104 105 32 4 4 32 32 4 19 20 76 10 4 32 32 4 9 10 20 20 20 20 20 20 4 32 32 4 9 10 20 20 4 32 4 4 104 209 104 210 125 126 137 105 4 4 4 4 4 4 2 3 23 24 24 24 24 24 24 24 97 37 35 98 36 37 35 98 36 37 35 98 24 24 24 24 24 25 26 27 2 3 171 172 189 190 190 190 198 211 212 195 195 195 195 195 195 195 195 195 195 195 195 195 195 195 195 195 195 195 195 195 171 172 1 1 1 1 1 1 1 1 1 1 1 1 1 1 1 1 1 1 1 1 1 1 1 1 1 1 1 1 1 1 1 1
1 1 1 1 1 1 1 1 1 1 1 1 1 1 1 1 1 1 1 1 1 1 1 1 1 1 1 1 1 1 1 1 105 173 117 37 117 132 118 37 191 192 193 37 191 192 173 104 43 4 4 43 43 4 19 20 20 20 4 43 43 4 19 20 20 20 20 20 20 20 4 43 43 4 19 20 20 20 4 43 4 4 4 4 4 4 4 4 4 4 4 4 4 4 4 4 3 13 35 36 36 36 36 36 36 36 36 101 35 102 36 101 35 102 36 101 35 102 36 36 36 36 36 37 38 39 13 2 175 176 194 195 195 195 195 213 214 195 195 195 195 195 195 195 195 195 195 195 195 195 195 195 195 195 195 195 195 195 176 171 1 1 1 1 1 1 1 1 1 1 1 1 1 1 1 1 1 1 1 1 1 1 1 1 1 1 1 1 1 1 1 1
1 1 1 1 1 1 1 1 1 1 1 1 1 1 1 1 1 1 1 1 1 1 1 1 1 1 1 1 1 1 1 1 104 105 117 37 117 118 118 37 117 118 118 37 117 118 104 105 4 4 4 4 4 4 59 20 20 20 4 4 4 4 4 58 58 4 59 20 20 20 4 4 4 4 19 20 20 20 4 4 4 4 4 4 4 4 4 4 4 4 4 4 4 4 4 4 2 3 2 3 2 3 2 3 2 3 2 3 2 3 116 116 116 116 2 3 2 3 2 3 2 3 86 37 35 36 2 3 171 172 194 195 195 195 176 116 116 176 196 195 195 195 195 195 195 195 195 195 195 195 195 195 195 195 195 195 195 195 171 172 1 1 1 1 1 1 1 1 1 1 1 1 1 1 1 1 1 1 1 1 1 1 1 1 1 1 1 1 1 1 1 1
1 1 1 1 1 1 1 1 1 1 1 1 1 1 1 1 1 1 1 1 1 1 1 1 1 1 1 1 1 1 1 1 105 173 117 37 117 118 118 37 117 118 118 37 117 118 173 104 18 4 4 18 18 4 4 4 20 20 4 18 18 4 4 64 64 4 4 4 20 20 4 18 18 4 19 20 4 4 4 18 4 4 4 4 4 4 4 4 4 4 4 4 4 4 4 4 3 13 13 2 3 13 13 2 3 13 13 2 3 13 13 2 3 13 13 2 3 13 13 2 3 13 35 37 35 36 13 2 175 176 194 195 195 195 176 171 172 176 194 195 195 195 195 195 195 195 195 195 195 195 195 195 195 195 195 195 195 195 176 171 1 1 1 1 1 1 1 1 1 1 1 1 1 1 1 1 1 1 1 1 1 1 1 1 1 1 1 1 1 1 1 1
1 1 1 1 1 1 1 1 1 1 1 1 1 1 1 1 1 1 1 1 1 1 1 1 1 1 1 1 1 1 1 1 104 105 117 37 117 118 118 37 117 124 118 37 117 118 104 105 32 4 4 32 32 4 9 10 20 20 4 32 32 4 4 18 18 4 9 10 20 20 4 32 32 4 19 20 76 10 4 32 4 4 4 4 4 4 4 4 4 4 4 4 4 4 4 4 2 3 23 25 26 27 28 25 26 27 28 25 26 27 28 25 26 27 28 25 26 27 28 25 23 24 97 37 35 98 2 3 171 172 194 211 212 195 199 190 190 190 198 211 212 195 195 195 195 195 195 195 195 195 195 195 195 195 195 195 195 195 171 172 1 1 1 1 1 1 1 1 1 1 1 1 1 1 1 1 1 1 1 1 1 1 1 1 1 1 1 1 1 1 1 1
1 1 1 1 1 1 1 1 1 1 1 1 1 1 1 1 1 1 1 1 1 1 1 1 1 1 1 1 1 1 1 1 105 173 117 37 117 118 118 37 117 132 118 37 117 118 173 104 43 4 4 43 43 4 19 20 20 20 4 43 43 4 4 43 43 4 19 20 20 20 4 43 43 4 19 20 20 20 4 43 4 4 4 4 4 4 4 4 4 4 4 4 4 4 4 4 3 13 35 37 38 39 40 37 38 39 40 37 38 39 40 37 38 39 40 37 38 39 40 37 35 36 36 101 35 102 13 2 175 176 194 213 214 195 195 195 195 195 195 213 214 195 195 195 195 195 195 195 195 195 195 195 195 195 195 195 195 195 176 171 1 1 1 1 1 1 1 1 1 1 1 1 1 1 1 1 1 1 1 1 1 1 1 1 1 1 1 1 1 1 1 1
1 1 1 1 1 1 1 1 1 1 1 1 1 1 1 1 1 1 1 1 1 1 1 1 1 1 1 1 1 1 1 1 104 105 117 37 117 118 118 37 117 118 118 37 117 118 104 105 4 4 9 10 10 10 103 20 20 20 4 4 4 4 10 11 12 10 103 20 20 20 4 4 4 4 59 20 20 20 4 4 4 4 4 4 4 4 4 4 4 4 4 4 4 4 4 4 2 3 35 37 35 36 36 37 35 36 36 37 35 36 36 37 35 36 36 37 35 36 36 37 35 36 2 3 2 3 2 3 171 172 171 172 171 172 196 195 195 195 176 116 116 176 196 195 195 195 195 195 195 195 195 195 195 195 195 195 195 195 171 172 1 1 1 1 1 1 1 1 1 1 1 1 1 1 1 1 1 1 1 1 1 1 1 1 1 1 1 1 1 1 1 1
1 1 1 1 1 1 1 1 1 1 1 1 1 1 1 1 1 1 1 1 1 1 1 1 1 1 1 1 1 1 1 1 105 173 117 37 117 118 118 37 117 118 118 37 117 118 173 104 18 4 19 20 20 20 20 20 4 4 4 18 18 4 20 21 22 20 20 20 4 4 4 18 18 4 4 4 20 20 4 18 4 4 104 105 104 105 104 105 104 105 104 105 104 105 4 4 3 13 35 37 35 36 36 37 35 36 36 37 35 36 36 37 35 36 36 37 35 36 36 37 35 36 13 2 3 13 13 2 175 176 176 171 172 176 194 195 195 195 176 171 172 176 194 195 195 195 195 195 195 195 195 195 195 195 195 195 195 195 176 171 1 1 1 1 1 1 1 1 1 1 1 1 1 1 1 1 1 1 1 1 1 1 1 1 1 1 1 1 1 1 1 1
1 1 1 1 1 1 1 1 1 1 1 1 1 1 1 1 1 1 1 1 1 1 1 1 1 1 1 1 1 1 1 1 104 105 117 37 117 124 118 37 117 118 118 37 117 124 104 105 32 4 19 20 20 20 20 20 76 10 4 32 32 4 20 33 34 20 20 20 76 10 4 32 32 4 9 10 20 20 4 32 4 4 108 109 110 111 108 109 110 111 108 109 110 111 4 4 2 3 35 37 35 36 36 37 35 98 36 37 35 98 36 37 35 98 36 37 35 98 36 37 35 98 24 25 26 27 2 3 171 172 189 190 190 190 198 211 212 195 199 190 190 190 198 211 212 195 195 195 195 195 195 195 195 195 195 195 195 195 171 172 1 1 1 1 1 1 1 1 1 1 1 1 1 1 1 1 1 1 1 1 1 1 1 1 1 1 1 1 1 1 1 1
1 1 1 1 1 1 1 1 1 1 1 1 1 1 1 1 1 1 1 1 1 1 1 1 1 1 1 1 1 1 1 1 105 173 117 37 117 132 118 37 117 118 118 37 117 132 173 104 43 4 19 20 20 20 20 20 20 20 4 43 43 4 44 45 46 47 20 20 20 20 4 43 43 4 19 20 20 20 4 43 4 4 113 114 115 108 113 114 115 108 113 114 115 108 4 4 3 13 35 37 35 36 36 101 35 102 36 101 35 102 36 101 35 102 36 101 35 102 36 101 35 102 36 37 38 39 13 2 175 176 194 195 195 195 195 213 214 195 195 195 195 195 195 213 214 195 195 195 195 195 195 195 195 195 195 195 195 195 176 171 1 1 1 1 1 1 1 1 1 1 1 1 1 1 1 1 1 1 1 1 1 1 1 1 1 1 1 1 1 1 1 1
1 1 1 1 1 1 1 1 1 1 1 1 1 1 1 1 1 1 1 1 1 1 1 1 1 1 1 1 1 1 1 1 104 105 117 37 117 118 118 37 117 118 118 37 117 118 104 105 4 4 19 20 20 20 4 58 58 4 4 4 4 4 4 56 57 4 4 58 58 4 4 4 4 4 19 20 20 20 4 4 4 4 117 118 119 108 117 118 119 108 117 118 119 108 4 4 2 3 35 37 35 36 2 3 2 3 116 116 116 116 2 3 2 3 2 3 2 3 2 3 2 3 86 37 35 36 2 3 171 172 194 195 195 195 176 116 116 176 196 195 195 195 171 172 171 172 196 195 195 195 195 195 195 195 195 195 195 195 171 215 1 1 1 1 1 1 1 1 1 1 1 1 1 1 1 1 1 1 1 1 1 1 1 1 1 1 1 1 1 1 1 1
1 1 1 1 1 1 1 1 1 1 1 1 1 1 1 1 1 1 1 1 1 1 1 1 1 1 1 1 1 1 1 1 105 173 117 37 117 118 118 37 117 118 118 37 117 118 173 104 18 4 19 20 4 4 4 64 64 4 4 18 18 4 4 64 64 4 4 64 64 4 4 18 18 4 19 20 4 4 4 18 4 4 117 118 119 108 117 118 119 108 117 118 119 108 4 4 3 13 35 37 35 36 13 2 3 13 13 2 3 13 13 2 3 13 13 2 3 13 13 2 3 13 35 37 35 36 13 2 175 176 194 195 195 195 176 171 172 176 194 195 195 195 176 171 172 176 194 195 195 195 195 195 195 195 195 195 195 195 176 216 1 1 1 1 1 1 1 1 1 1 1 1 1 1 1 1 1 1 1 1 1 1 1 1 1 1 1 1 1 1 1 1
1 1 1 1 1 1 1 1 1 1 1 1 1 1 1 1 1 1 1 1 1 1 1 1 1 1 1 1 1 1 1 1 104 105 117 37 117 118 118 37 117 124 118 37 117 118 104 105 32 4 19 20 76 10 4 18 18 4 4 32 32 4 4 18 18 4 4 18 18 4 4 32 32 4 19 20 197 121 4 32 4 4 217 218 119 108 117 118 119 108 117 118 119 108 4 4 2 3 35 37 35 98 24 25 26 27 28 25 26 27 28 25 26 27 144 144 26 27 28 25 23 24 97 37 35 98 2 3 171 172 194 211 212 195 199 190 190 190 198 211 212 195 199 190 190 190 198 211 212 195 195 195 195 195 195 195 195 195 171 172 1 1 1 1 1 1 1 1 1 1 1 1 1 1 1 1 1 1 1 1 1 1 1 1 1 1 1 1 1 1 1 1
1 1 1 1 1 1 1 1 1 1 1 1 1 1 1 1 1 1 1 1 1 1 1 1 1 1 1 1 1 1 1 1 105 173 117 37 117 118 118 37 117 132 118 37 117 118 173 104 43 4 19 20 20 20 4 43 43 4 4 43 43 4 4 43 43 4 4 43 43 4 4 43 43 4 19 20 84 85 4 43 4 4 82 83 119 108 117 118 119 108 117 118 119 108 4 4 3 13 35 101 35 102 36 37 38 39 40 37 38 39 40 37 38 39 144 144 38 39 40 37 35 36 36 101 35 102 13 2 175 176 194 213 214 195 195 195 195 195 195 213 214 195 195 195 195 195 195 213 214 195 195 195 195 195 195 195 195 195 176 171 1 1 1 1 1 1 1 1 1 1 1 1 1 1 1 1 1 1 1 1 1 1 1 1 1 1 1 1 1 1 1 1
1 1 1 1 1 1 1 1 1 1 1 1 1 1 1 1 1 1 1 1 1 1 1 1 1 1 1 1 1 1 1 1 104 105 117 37 117 118 118 37 117 118 118 37 117 118 104 105 4 4 59 20 20 20 10 10 10 10 10 11 12 10 10 10 10 10 10 11 12 10 4 4 4 4 4 4 127 128 4 4 4 4 219 220 221 105 117 124 119 108 117 222 223 224 4 4 2 3 2 3 2 3 86 37 35 36 36 37 35 36 36 37 35 36 144 144 35 36 36 37 35 36 2 3 2 3 2 3 225 172 171 172 171 172 196 195 195 195 171 172 171 172 196 195 195 195 176 116 116 176 196 195 195 195 195 195 195 195 171 172 1 1 1 1 1 1 1 1 1 1 1 1 1 1 1 1 1 1 1 1 1 1 1 1 1 1 1 1 1 1 1 1
1 1 1 1 1 1 1 1 1 1 1 1 1 1 1 1 1 1 1 1 1 1 1 1 1 1 1 1 1 1 1 1 105 173 117 37 117 118 118 37 117 118 118 37 117 118 173 104 18 4 4 4 20 20 20 20 20 20 20 21 22 20 20 20 20 20 20 21 22 20 4 18 18 4 4 18 18 4 4 18 4 4 4 4 4 4 117 132 133 108 117 206 207 208 4 4 3 13 13 2 3 13 35 37 35 36 36 37 35 36 36 37 35 36 144 144 35 36 36 37 35 36 13 2 3 13 13 2 216 176 176 171 172 176 194 195 195 195 176 171 172 176 194 195 195 195 176 171 172 176 194 195 195 195 195 195 195 195 176 171 1 1 1 1 1 1 1 1 1 1 1 1 1 1 1 1 1 1 1 1 1 1 1 1 1 1 1 1 1 1 1 1
1 1 1 1 1 1 1 1 1 1 1 1 1 1 1 1 1 1 1 1 1 1 1 1 1 1 1 1 1 1 1 1 104 105 117 37 117 124 118 37 117 118 118 37 117 124 104 105 32 4 9 10 20 20 20 20 20 20 20 33 34 20 20 20 20 20 20 33 34 20 4 32 32 4 4 32 32 4 4 32 4 4 4 4 4 4 125 126 137 105 125 209 104 210 4 4 2 3 23 24 24 24 97 37 35 98 36 37 35 98 36 37 35 36 144 144 35 98 36 37 35 98 24 24 24 24 2 3 226 172 189 190 190 190 198 211 212 195 199 190 190 190 198 211 212 195 199 190 190 190 198 211 212 195 195 195 195 195 171 172 1 1 1 1 1 1 1 1 1 1 1 1 1 1 1 1 1 1 1 1 1 1 1 1 1 1 1 1 1 1 1 1
1 1 1 1 1 1 1 1 1 1 1 1 1 1 1 1 1 1 1 1 1 1 1 1 1 1 1 1 1 1 1 1 105 173 117 37 117 132 118 37 117 118 118 37 117 132 173 104 43 4 19 20 20 20 20 20 20 20 44 45 46 47 20 20 227 20 44 45 46 47 4 43 43 4 4 43 43 4 4 43 4 4 4 4 4 4 4 4 4 4 4 4 4 4 4 4 3 13 35 36 36 36 36 101 35 102 36 101 35 102 36 37 35 36 144 144 35 102 36 101 35 102 36 36 36 36 13 2 175 176 194 195 195 195 195 213 214 195 195 195 195 195 195 213 214 195 195 195 195 195 195 213 214 195 195 195 195 195 176 171 1 1 1 1 1 1 1 1 1 1 1 1 1 1 1 1 1 1 1 1 1 1 1 1 1 1 1 1 1 1 1 1
1 1 1 1 1 1 1 1 1 1 1 1 1 1 1 1 1 1 1 1 1 1 1 1 1 1 1 1 1 1 1 1 104 105 117 37 117 118 118 37 117 118 118 37 117 118 104 105 228 229 230 230 230 231 4 4 4 232 233 234 235 236 4 4 4 237 4 54 55 237 4 4 4 4 4 4 4 4 4 4 4 4 4 4 4 4 4 4 4 4 4 4 4 4 4 4 2 3 2 3 2 3 2 3 2 3 2 3 2 3 86 37 35 36 2 3 2 3 2 3 2 3 2 3 2 3 2 3 171 172 194 195 195 195 171 172 171 172 196 195 195 195 171 172 171 172 171 172 171 172 171 172 171 172 196 195 195 195 171 172 1 1 1 1 1 1 1 1 1 1 1 1 1 1 1 1 1 1 1 1 1 1 1 1 1 1 1 1 1 1 1 1
1 1 1 1 1 1 1 1 1 1 1 1 1 1 1 1 1 1 1 1 1 1 1 1 1 1 1 1 1 1 1 1 105 173 117 37 117 118 118 37 117 118 118 37 117 118 173 104 238 239 240 241 242 243 4 18 18 244 245 246 247 248 4 18 18 249 4 18 18 249 4 18 18 4 4 4 4 4 4 4 4 4 4 4 4 4 4 4 4 4 4 4 4 4 4 4 3 13 13 2 3 13 13 2 3 13 13 2 3 13 35 37 35 36 13 2 3 13 13 2 3 13 13 2 3 13 13 2 175 176 194 195 195 195 176 171 172 176 194 195 195 195 176 171 172 176 176 171 172 176 176 171 172 176 194 195 195 195 176 171 1 1 1 1 1 1 1 1 1 1 1 1 1 1 1 1 1 1 1 1 1 1 1 1 1 1 1 1 1 1 1 1
1 1 1 1 1 1 1 1 1 1 1 1 1 1 1 1 1 1 1 1 1 1 1 1 1 1 1 1 1 1 1 1 104 105 117 37 117 118 118 37 117 124 118 37 117 118 104 105 250 251 240 252 253 254 4 32 32 244 255 256 257 258 4 32 32 259 4 32 32 259 4 32 32 4 4 4 4 4 4 4 4 4 4 4 4 4 4 4 4 4 4 4 4 4 4 4 2 3 23 25 26 27 28 25 26 27 144 144 23 24 97 37 35 98 24 25 26 27 28 25 26 27 28 25 26 27 2 260 171 172 194 211 212 195 199 190 190 190 198 211 212 195 199 190 190 190 190 190 190 190 190 190 190 190 198 195 195 195 171 172 1 1 1 1 1 1 1 1 1 1 1 1 1 1 1 1 1 1 1 1 1 1 1 1 1 1 1 1 1 1 1 1
1 1 1 1 1 1 1 1 1 1 1 1 1 1 1 1 1 1 1 1 1 1 1 1 1 1 1 1 1 1 1 1 105 173 117 37 117 118 118 37 117 132 118 37 117 118 173 104 261 262 240 263 264 265 4 43 43 244 266 267 268 269 4 43 43 270 4 43 43 270 4 43 43 4 4 4 4 4 4 4 4 4 4 4 4 4 4 4 4 4 4 4 4 4 4 4 3 13 35 37 38 39 40 37 38 39 144 144 35 36 36 101 35 102 36 37 38 39 40 37 38 39 40 37 38 39 13 271 175 176 194 213 214 195 195 195 195 195 195 213 214 195 195 195 195 195 195 195 195 195 195 195 195 195 195 195 195 195 176 171 1 1 1 1 1 1 1 1 1 1 1 1 1 1 1 1 1 1 1 1 1 1 1 1 1 1 1 1 1 1 1 1
1 1 1 1 1 1 1 1 1 1 1 1 1 1 1 1 1 1 1 1 1 1 1 1 1 1 1 1 1 1 1 1 104 105 117 37 117 118 118 37 117 118 118 37 117 118 104 105 4 272 273 273 273 274 4 4 4 275 276 276 276 277 4 4 4 4 4 4 4 4 4 4 4 4 4 4 4 4 4 4 4 4 4 4 4 4 4 4 4 4 4 4 4 4 4 4 2 3 35 37 35 36 36 37 35 36 144 144 35 36 2 3 2 3 86 37 35 36 36 37 35 36 36 37 35 36 2 3 171 172 171 172 171 172 196 195 195 195 176 116 116 176 171 172 171 172 171 172 171 172 196 195 195 195 195 195 195 195 171 172 1 1 1 1 1 1 1 1 1 1 1 1 1 1 1 1 1 1 1 1 1 1 1 1 1 1 1 1 1 1 1 1
1 1 1 1 1 1 1 1 1 1 1 1 1 1 1 1 1 1 1 1 1 1 1 1 1 1 1 1 1 1 1 1 105 173 117 37 117 118 118 37 117 118 118 37 117 118 173 104 4 4 104 105 104 105 104 105 104 105 104 105 104 105 104 105 104 105 104 105 104 105 104 105 104 105 104 105 104 105 104 105 104 105 104 105 104 105 104 105 104 105 104 105 104 105 4 4 3 13 35 37 35 36 36 37 35 36 144 144 35 36 13 2 3 13 35 37 35 36 36 37 35 36 36 37 35 36 13 2 175 176 176 171 172 176 194 195 195 195 176 171 172 176 176 171 172 176 176 171 172 176 194 195 195 195 195 195 195 195 176 171 1 1 1 1 1 1 1 1 1 1 1 1 1 1 1 1 1 1 1 1 1 1 1 1 1 1 1 1 1 1 1 1
1 1 1 1 1 1 1 1 1 1 1 1 1 1 1 1 1 1 1 1 1 1 1 1 1 1 1 1 1 1 1 1 104 105 117 37 117 124 118 37 117 118 118 37 117 124 104 105 4 4 108 109 110 111 108 109 110 111 108 109 110 111 108 109 110 111 108 109 110 111 108 109 110 111 108 109 110 111 108 109 110 111 108 109 110 111 108 109 110 111 108 109 110 111 4 4 2 3 35 37 35 98 36 37 35 36 144 144 35 98 24 24 24 24 97 37 35 98 36 37 35 98 36 37 35 36 2 3 171 172 189 190 190 190 198 211 212 195 199 190 190 190 190 190 190 190 190 190 190 190 198 211 212 195 195 195 195 195 171 172 1 1 1 1 1 1 1 1 1 1 1 1 1 1 1 1 1 1 1 1 1 1 1 1 1 1 1 1 1 1 1 1
1 1 1 1 1 1 1 1 1 1 1 1 1 1 1 1 1 1 1 1 1 1 1 1 1 1 1 1 1 1 1 1 105 173 117 37 117 132 118 37 117 118 118 278 117 132 173 104 4 4 113 114 115 108 113 114 115 108 113 114 115 108 113 114 115 108 113 114 115 108 113 114 115 108 113 114 115 108 113 114 115 108 113 114 115 108 113 114 115 108 113 114 115 108 4 4 3 13 35 101 35 102 36 37 35 36 145 145 35 102 36 36 36 36 36 101 35 102 36 101 35 102 36 37 35 36 13 2 175 176 194 195 195 195 195 213 214 195 195 195 195 195 195 195 195 195 195 195 195 195 195 213 214 195 195 195 195 195 176 171 1 1 1 1 1 1 1 1 1 1 1 1 1 1 1 1 1 1 1 1 1 1 1 1 1 1 1 1 1 1 1 1
1 1 1 1 1 1 1 1 1 1 1 1 1 1 1 1 1 1 1 1 1 1 1 1 1 1 1 1 1 1 1 1 104 105 117 37 117 118 118 37 117 118 125 279 125 126 104 105 4 4 117 118 119 108 117 118 119 108 117 118 119 108 117 118 119 108 117 118 119 108 117 118 119 108 117 118 119 108 117 118 119 108 117 118 119 108 117 118 119 108 117 118 119 108 4 4 2 3 2 3 2 3 86 37 35 36 2 3 2 3 2 3 2 3 2 3 2 3 2 3 2 3 86 37 35 36 2 3 171 172 171 172 171 172 171 172 171 172 171 172 171 172 171 172 171 172 196 195 195 195 171 172 171 172 196 195 195 195 171 172 1 1 1 1 1 1 1 1 1 1 1 1 1 1 1 1 1 1 1 1 1 1 1 1 1 1 1 1 1 1 1 1
1 1 1 1 1 1 1 1 1 1 1 1 1 1 1 1 1 1 1 1 1 1 1 1 1 1 1 1 1 1 1 1 105 173 117 37 117 118 118 37 117 118 173 104 105 173 173 104 4 4 117 118 119 108 117 118 119 108 117 118 119 108 117 118 119 108 117 118 119 108 117 118 119 108 117 118 119 108 117 118 119 108 117 118 119 108 117 118 119 108 117 118 119 108 4 4 3 13 13 2 3 13 35 37 35 36 13 2 3 13 13 2 3 13 13 2 3 13 13 2 3 13 35 37 35 36 13 2 175 176 176 171 172 176 176 171 172 176 176 171 172 176 172 171 172 176 194 195 195 195 176 171 172 176 194 195 195 195 176 171 1 1 1 1 1 1 1 1 1 1 1 1 1 1 1 1 1 1 1 1 1 1 1 1 1 1 1 1 1 1 1 1
1 1 1 1 1 1 1 1 1 1 1 1 1 1 1 1 1 1 1 1 1 1 1 1 1 1 1 1 1 1 1 1 104 105 117 37 117 118 118 37 117 118 114 114 197 121 104 105 4 4 217 218 119 108 117 118 119 108 117 118 119 108 117 118 119 108 117 118 119 108 117 118 119 108 117 118 119 108 117 118 119 108 117 118 119 108 117 118 119 108 117 118 120 121 4 4 2 3 138 139 23 24 97 37 35 98 24 25 26 27 28 25 26 27 28 25 26 27 28 25 23 24 97 37 35 98 2 3 171 172 189 190 190 190 190 190 190 190 190 190 190 190 190 190 190 190 198 211 212 195 199 190 190 190 198 195 195 195 171 172 1 1 1 1 1 1 1 1 1 1 1 1 1 1 1 1 1 1 1 1 1 1 1 1 1 1 1 1 1 1 1 1
1 1 1 1 1 1 1 1 1 1 1 1 1 1 1 1 1 1 1 1 1 1 1 1 1 1 1 1 1 1 1 1 105 173 117 37 117 118 118 37 117 118 118 118 84 85 173 104 4 4 82 83 119 108 117 118 119 108 117 118 119 108 117 118 119 108 117 118 119 108 117 118 119 108 117 118 119 108 117 118 119 108 117 118 119 108 117 118 119 108 117 118 84 85 4 4 3 13 140 141 35 36 36 101 35 102 36 37 38 39 40 37 38 39 40 37 38 39 40 37 35 36 36 101 35 102 13 2 175 176 194 195 195 195 195 195 195 195 195 195 195 195 195 195 195 195 195 213 214 195 195 195 195 195 195 195 195 195 176 171 1 1 1 1 1 1 1 1 1 1 1 1 1 1 1 1 1 1 1 1 1 1 1 1 1 1 1 1 1 1 1 1
1 1 1 1 1 1 1 1 1 1 1 1 1 1 1 1 1 1 1 1 1 1 1 1 1 1 1 1 1 1 1 1 104 105 117 37 117 118 118 37 117 118 125 126 201 202 104 105 4 4 219 220 221 105 117 124 119 108 117 124 119 108 117 124 119 108 117 124 119 108 117 124 119 108 117 124 119 108 117 124 119 108 117 124 119 108 117 124 119 108 125 126 127 128 4 4 2 3 2 3 2 3 2 3 2 3 86 37 35 36 36 37 35 36 36 37 35 36 36 37 35 36 2 3 2 3 2 3 171 172 194 195 195 195 171 172 171 172 171 172 171 172 196 195 195 195 176 116 116 176 171 172 171 172 196 195 195 195 171 172 1 1 1 1 1 1 1 1 1 1 1 1 1 1 1 1 1 1 1 1 1 1 1 1 1 1 1 1 1 1 1 1
1 1 1 1 1 1 1 1 1 1 1 1 1 1 1 1 1 1 1 1 1 1 1 1 1 1 1 1 1 1 1 1 105 173 117 37 117 118 118 37 117 118 173 104 105 173 173 104 4 4 4 4 4 4 117 132 133 108 117 132 133 108 117 132 133 108 117 132 133 108 117 132 133 108 117 132 133 108 117 132 133 108 117 132 133 108 117 132 133 108 4 4 4 4 4 4 3 13 13 2 3 13 13 2 3 13 35 37 35 36 36 37 35 36 36 37 35 36 36 37 35 36 13 2 3 13 13 2 175 176 194 195 195 195 176 171 172 176 176 171 172 176 194 195 195 195 176 171 172 176 176 171 172 176 194 195 195 195 176 171 1 1 1 1 1 1 1 1 1 1 1 1 1 1 1 1 1 1 1 1 1 1 1 1 1 1 1 1 1 1 1 1
1 1 1 1 1 1 1 1 1 1 1 1 1 1 1 1 1 1 1 1 1 1 1 1 1 1 1 1 1 1 1 1 104 105 117 37 117 124 118 37 117 124 114 114 114 114 104 105 4 4 4 4 4 4 125 126 137 105 125 126 137 105 125 126 137 105 125 126 137 105 125 126 137 105 125 126 137 105 125 126 137 105 125 126 137 105 125 126 137 105 4 4 4 4 4 4 2 3 23 24 24 24 24 24 24 24 97 37 35 98 36 37 35 98 36 37 35 98 36 37 35 98 24 24 24 24 2 3 171 172 194 211 212 195 199 190 190 190 190 190 190 190 198 211 212 195 199 190 190 190 190 190 190 190 198 195 195 195 171 172 1 1 1 1 1 1 1 1 1 1 1 1 1 1 1 1 1 1 1 1 1 1 1 1 1 1 1 1 1 1 1 1
1 1 1 1 1 1 1 1 1 1 1 1 1 1 1 1 1 1 1 1 1 1 1 1 1 1 1 1 1 1 1 1 105 173 117 278 117 132 118 278 117 132 118 118 118 118 173 104 4 4 4 4 4 4 4 4 4 4 4 4 4 4 4 4 4 4 4 4 4 4 4 4 4 4 4 4 4 4 4 4 4 4 4 4 4 4 4 4 4 4 4 4 4 4 4 4 3 13 35 36 36 36 36 36 36 36 36 101 35 102 36 101 35 102 36 101 35 102 36 101 35 102 36 36 36 36 13 2 175 176 194 213 214 195 195 195 195 195 195 195 195 195 195 213 214 195 195 195 195 195 195 195 195 195 195 195 195 195 176 171 1 1 1 1 1 1 1 1 1 1 1 1 1 1 1 1 1 1 1 1 1 1 1 1 1 1 1 1 1 1 1 1
1 1 1 1 1 1 1 1 1 1 1 1 1 1 1 1 1 1 1 1 1 1 1 1 1 1 1 1 1 1 1 1 104 105 125 279 125 126 125 279 125 126 125 126 125 126 104 105 4 4 4 4 4 4 4 4 4 4 4 4 4 4 4 4 4 4 4 4 4 4 4 4 4 4 4 4 4 4 4 4 4 4 4 4 4 4 4 4 4 4 4 4 4 4 4 4 2 3 2 3 2 3 2 3 2 3 2 3 2 3 2 3 2 3 2 3 2 3 2 3 2 3 2 3 2 3 2 3 171 172 176 116 116 176 171 172 171 172 196 195 195 195 176 116 116 176 171 172 171 172 196 195 195 195 195 195 195 195 171 172 1 1 1 1 1 1 1 1 1 1 1 1 1 1 1 1 1 1 1 1 1 1 1 1 1 1 1 1 1 1 1 1
1 1 1 1 1 1 1 1 1 1 1 1 1 1 1 1 1 1 1 1 1 1 1 1 1 1 1 1 1 1 1 1 1 1 1 1 1 1 1 1 1 1 1 1 1 1 1 1 1 1 1 1 1 1 1 1 1 1 1 1 1 1 1 1 280 280 280 280 280 280 280 280 280 280 280 280 280 280 280 280 280 280 280 280 280 280 280 280 280 280 280 280 280 280 280 280 4 4 4 4 4 4 4 4 4 4 4 4 4 4 4 4 4 4 4 4 4 4 4 4 4 4 4 4 4 4 4 4 175 176 176 171 172 176 176 171 172 176 194 195 195 195 176 171 172 176 176 171 172 176 194 195 195 195 195 195 195 195 176 171 1 1 1 1 1 1 1 1 1 1 1 1 1 1 1 1 1 1 1 1 1 1 1 1 1 1 1 1 1 1 1 1
1 1 1 1 1 1 1 1 1 1 1 1 1 1 1 1 1 1 1 1 1 1 1 1 1 1 1 1 1 1 1 1 1 1 1 1 1 1 1 1 1 1 1 1 1 1 1 1 1 1 1 1 1 1 1 1 1 1 1 1 1 1 1 1 168 168 168 168 168 168 168 168 168 168 168 168 168 168 168 168 168 168 168 168 168 168 168 168 168 168 168 168 168 168 168 168 4 4 4 4 4 4 4 4 4 4 4 4 4 4 4 4 4 4 4 4 4 4 4 4 4 4 4 4 4 4 4 4 171 172 189 190 190 190 190 190 190 190 198 211 212 195 199 190 190 190 190 190 190 190 198 211 212 195 195 195 195 195 171 172 1 1 1 1 1 1 1 1 1 1 1 1 1 1 1 1 1 1 1 1 1 1 1 1 1 1 1 1 1 1 1 1
1 1 1 1 1 1 1 1 1 1 1 1 1 1 1 1 1 1 1 1 1 1 1 1 1 1 1 1 1 1 1 1 1 1 1 1 1 1 1 1 1 1 1 1 1 1 1 1 1 1 1 1 1 1 1 1 1 1 1 1 1 1 1 1 168 168 168 168 168 168 168 168 168 168 168 168 168 168 168 168 168 168 168 168 168 168 168 168 168 168 168 168 168 168 168 168 281 281 281 281 281 281 281 281 281 281 281 281 281 281 281 281 281 281 281 281 281 281 281 281 281 281 281 281 281 281 281 281 175 176 194 195 195 195 195 195 195 195 195 213 214 195 195 195 195 195 195 195 195 195 195 213 214 195 195 195 195 195 176 171 282 282 282 282 282 282 282 282 282 282 282 282 282 282 282 282 282 282 282 282 282 282 282 282 282 282 282 282 282 282 282 282
1 1 1 1 1 1 1 1 1 1 1 1 1 1 1 1 1 1 1 1 1 1 1 1 1 1 1 1 1 1 1 1 1 1 1 1 1 1 1 1 1 1 1 1 1 1 1 1 1 1 1 1 1 1 1 1 1 1 1 1 1 1 1 1 171 172 171 172 171 172 171 172 171 172 171 172 171 172 171 172 171 172 171 172 171 172 171 172 171 172 171 172 171 172 171 172 168 168 108 108 168 168 108 108 168 168 108 108 168 168 108 108 168 168 108 108 168 168 108 108 168 168 108 108 168 168 108 108 171 172 194 195 195 195 171 172 171 172 176 116 116 176 171 172 171 172 196 195 195 195 171 172 171 172 196 195 195 195 171 172 283 283 284 284 283 283 284 284 283 283 284 284 283 283 284 284 283 283 284 284 283 283 284 284 283 283 284 284 283 283 284 284
1 1 1 1 1 1 1 1 1 1 1 1 1 1 1 1 1 1 1 1 1 1 1 1 1 1 1 1 1 1 1 1 1 1 1 1 1 1 1 1 1 1 1 1 1 1 1 1 1 1 1 1 1 1 1 1 1 1 1 1 1 1 1 1 172 176 176 171 172 176 176 285 285 176 176 285 285 176 176 285 285 176 176 171 172 176 176 171 172 176 176 171 172 176 176 171 168 168 168 168 168 168 168 168 168 168 168 168 168 168 168 168 168 168 168 168 168 168 168 168 168 168 168 168 168 168 168 168 175 176 194 195 195 195 176 171 172 176 176 171 172 176 176 171 172 176 194 195 195 195 176 171 172 176 194 195 195 195 176 171 4 4 4 4 4 4 4 4 4 4 4 4 4 4 4 4 4 4 4 4 4 4 4 4 4 4 4 4 4 4 4 4
1 1 1 1 1 1 1 1 1 1 1 1 1 1 1 1 1 1 1 1 1 1 1 1 1 1 1 1 1 1 1 1 1 1 1 1 1 1 1 1 1 1 1 1 1 1 1 1 1 1 1 1 1 1 1 1 1 1 1 1 1 1 1 1 171 172 189 190 286 190 190 190 286 190 190 190 286 190 190 190 286 190 190 190 286 190 190 190 286 190 190 190 286 190 171 172 168 168 168 168 168 168 168 168 168 168 168 168 168 168 168 168 168 168 168 168 168 168 168 168 168 168 168 168 168 168 168 168 171 172 194 211 212 195 199 190 190 190 190 190 190 190 190 190 190 190 198 211 212 195 199 190 190 190 198 211 212 195 171 172 4 4 4 4 4 4 4 4 4 4 4 4 4 4 4 4 4 4 4 4 4 4 4 4 4 4 4 4 4 4 4 4
1 1 1 1 1 1 1 1 1 1 1 1 1 1 1 1 1 1 1 1 1 1 1 1 1 1 1 1 1 1 1 1 1 1 1 1 1 1 1 1 1 1 1 1 1 1 1 1 1 1 1 1 1 1 1 1 1 1 1 1 1 1 1 1 172 176 194 195 287 195 195 195 287 195 195 195 287 195 195 195 287 195 195 195 287 195 195 195 287 195 195 195 287 195 176 171 168 168 168 189 190 190 168 189 286 190 168 189 286 190 168 189 286 190 168 189 286 190 168 189 286 190 168 189 190 190 168 168 175 176 194 213 214 195 195 195 195 195 195 195 195 195 195 195 195 195 195 213 214 195 195 195 195 195 195 213 214 195 176 171 4 4 4 9 10 10 4 9 288 10 4 9 288 10 4 9 288 10 4 9 288 10 4 9 288 10 4 9 288 10 4 4
1 1 1 1 1 1 1 1 1 1 1 1 1 1 1 1 1 1 1 1 1 1 1 1 1 1 1 1 1 1 1 1 1 1 1 1 1 1 1 1 1 1 1 1 1 1 1 1 1 1 1 1 1 1 1 1 1 1 1 1 1 1 1 1 171 172 194 195 287 195 171 172 171 172 171 172 171 172 171 172 171 172 171 172 171 172 196 195 287 195 171 172 171 172 171 172 168 168 168 194 195 195 168 194 287 195 168 194 287 195 168 194 287 195 168 194 287 195 168 194 287 195 168 194 195 195 168 168 171 172 176 116 116 176 196 195 195 195 171 172 171 172 196 195 195 195 171 172 171 172 171 172 171 172 171 172 171 172 171 172 4 4 4 19 20 20 4 19 289 20 4 19 289 20 4 19 289 20 4 19 289 20 4 19 289 20 4 19 289 20 4 4
1 1 1 1 1 1 1 1 1 1 1 1 1 1 1 1 1 1 1 1 1 1 1 1 1 1 1 1 1 1 1 1 1 1 1 1 1 1 1 1 1 1 1 1 1 1 1 1 1 1 1 1 1 1 1 1 1 1 1 1 1 1 1 1 172 176 194 195 287 195 176 171 172 176 176 171 172 176 176 171 172 176 176 171 172 176 194 195 287 195 176 171 172 176 176 171 168 168 190 198 195 195 199 198 290 291 199 198 290 291 199 198 290 291 199 198 290 291 199 198 290 291 199 198 195 195 168 168 175 176 176 171 172 176 194 195 195 195 176 171 172 176 194 195 195 195 176 171 172 176 176 171 172 176 176 171 172 176 176 171 4 4 10 103 20 20 76 103 292 293 76 103 292 293 76 103 292 293 76 103 292 293 76 103 292 293 76 103 289 20 4 4
1 1 1 1 1 1 1 1 1 1 1 1 1 1 1 1 1 1 1 1 1 1 1 1 1 1 1 1 1 1 1 1 1 1 1 1 1 1 1 1 1 1 1 1 1 1 1 1 1 1 1 1 1 1 1 1 1 1 1 1 1 1 1 1 171 172 194 195 287 195 199 190 286 190 190 190 286 190 190 190 176 176 189 190 286 190 198 195 287 195 199 190 67 68 171 172 168 168 138 139 195 195 195 195 294 194 195 195 294 194 195 195 294 194 195 195 294 194 195 195 294 194 195 195 67 68 168 168 171 172 138 139 189 190 198 211 212 195 199 190 190 190 198 211 212 195 199 190 190 190 190 190 190 190 190 190 67 68 171 172 4 4 74 75 20 20 20 20 295 19 20 20 295 19 20 20 295 19 20 20 295 19 20 20 295 19 20 20 296 297 4 4
1 1 1 1 1 1 1 1 1 1 1 1 1 1 1 1 1 1 1 1 1 1 1 1 1 1 1 1 1 1 1 1 1 1 1 1 1 1 1 1 1 1 1 1 1 1 1 1 1 1 1 1 1 1 1 1 1 1 1 1 1 1 1 1 172 176 194 195 298 195 195 195 287 195 195 195 287 195 195 195 176 176 194 195 287 195 195 195 298 195 195 195 80 81 176 171 168 168 140 141 195 195 195 195 299 194 195 195 299 194 195 195 299 194 195 195 299 194 195 195 299 194 195 195 80 81 168 168 175 176 140 141 194 195 195 213 214 195 195 195 195 195 195 213 214 195 195 195 195 195 195 195 195 195 195 195 80 81 176 171 4 4 82 83 20 20 20 20 300 19 20 20 300 19 20 20 300 19 20 20 300 19 20 20 300 19 20 20 130 131 4 4
1 1 1 1 1 1 1 1 1 1 1 1 1 1 1 1 1 1 1 1 1 1 1 1 1 1 1 1 1 1 1 1 1 1 1 1 1 1 1 1 1 1 1 1 1 1 1 1 1 1 1 1 1 1 1 1 1 1 1 1 1 1 1 1 171 172 171 172 171 172 171 172 171 172 196 195 287 195 195 195 176 176 194 195 287 195 171 172 171 172 171 172 171 172 171 172 168 168 168 168 168 168 168 168 168 168 168 168 168 168 168 168 168 168 168 168 168 168 168 168 168 168 168 168 168 168 168 168 171 172 171 172 171 172 171 172 171 172 196 195 195 195 171 172 171 172 171 172 171 172 196 195 195 195 171 172 171 172 171 172 4 4 94 95 4 4 4 4 301 4 4 4 301 4 4 4 301 4 4 4 301 4 4 4 301 4 4 4 302 303 4 4
1 1 1 1 1 1 1 1 1 1 1 1 1 1 1 1 1 1 1 1 1 1 1 1 1 1 1 1 1 1 1 1 1 1 1 1 1 1 1 1 1 1 1 1 1 1 1 1 1 1 1 1 1 1 1 1 1 1 1 1 1 1 1 1 172 176 176 171 172 176 176 171 172 176 194 195 287 195 195 195 176 176 194 195 287 195 176 171 172 176 176 171 172 176 176 171 168 168 168 168 168 168 168 168 168 168 168 168 168 168 168 168 168 168 168 168 168 168 168 168 168 168 168 168 168 168 168 168 175 176 176 171 172 176 176 171 172 176 194 195 195 195 176 171 172 176 176 171 172 176 194 195 195 195 176 171 172 176 176 171 4 4 4 4 4 4 4 4 4 4 4 4 4 4 4 4 4 4 4 4 4 4 4 4 4 4 4 4 4 4 4 4
1 1 1 1 1 1 1 1 1 1 1 1 1 1 1 1 1 1 1 1 1 1 1 1 1 1 1 1 1 1 1 1 1 1 1 1 1 1 1 1 1 1 1 1 1 1 1 1 1 1 1 1 1 1 1 1 1 1 1 1 1 1 1 1 171 172 189 190 286 190 190 190 286 190 198 195 287 195 195 195 176 176 194 195 287 195 199 190 286 190 190 190 286 190 171 172 108 108 108 108 108 108 108 108 108 108 108 108 108 108 108 108 108 108 108 108 108 108 108 108 108 108 108 108 108 108 108 108 171 172 189 190 190 190 190 190 190 190 198 211 212 195 199 190 190 190 190 190 190 190 198 211 212 195 199 190 190 190 171 172 108 108 108 108 108 108 108 108 108 108 108 108 108 108 108 108 108 108 108 108 108 108 108 108 108 108 108 108 108 108 108 108
1 1 1 1 1 1 1 1 1 1 1 1 1 1 1 1 1 1 1 1 1 1 1 1 1 1 1 1 1 1 1 1 1 1 1 1 1 1 1 1 1 1 1 1 1 1 1 1 1 1 1 1 1 1 1 1 1 1 1 1 1 1 1 1 172 176 194 195 287 195 195 195 287 195 195 195 298 195 195 195 145 145 194 195 298 195 195 195 287 195 195 195 287 195 176 171 304 304 304 304 304 304 304 304 304 304 304 304 304 304 304 304 304 304 304 304 304 304 304 304 304 304 304 304 304 304 304 304 175 176 194 195 195 195 195 195 195 195 195 213 214 195 195 195 195 195 195 195 195 195 195 213 214 195 195 195 195 195 176 171 305 305 305 305 305 305 305 305 305 305 305 305 305 305 305 305 305 305 305 305 305 305 305 305 305 305 305 305 305 305 305 305
1 1 1 1 1 1 1 1 1 1 1 1 1 1 1 1 1 1 1 1 1 1 1 1 1 1 1 1 1 1 1 1 1 1 1 1 1 1 1 1 1 1 1 1 1 1 1 1 1 1 1 1 1 1 1 1 1 1 1 1 1 1 1 1 171 172 194 195 287 195 171 172 171 172 171 172 171 172 171 172 171 172 171 172 171 172 171 172 171 172 171 172 171 172 171 172 306 306 306 306 306 306 306 306 306 306 306 306 306 306 306 306 306 306 306 306 306 306 306 306 306 306 306 306 306 306 306 306 171 172 171 172 171 172 171 172 171 172 171 172 171 172 171 172 171 172 171 172 171 172 171 172 171 172 171 172 171 172 171 172 307 307 307 307 307 307 307 307 307 307 307 307 307 307 307 307 307 307 307 307 307 307 307 307 307 307 307 307 307 307 307 307
1 1 1 1 1 1 1 1 1 1 1 1 1 1 1 1 1 1 1 1 1 1 1 1 1 1 1 1 1 1 1 1 1 1 1 1 1 1 1 1 1 1 1 1 1 1 1 1 1 1 1 1 1 1 1 1 1 1 1 1 1 1 1 1 172 176 194 195 287 195 176 285 285 176 176 285 285 176 176 285 285 176 176 285 285 176 176 171 172 176 176 171 172 176 176 171 306 306 306 306 306 306 306 306 306 306 306 306 306 306 306 306 306 306 306 306 306 306 306 306 306 306 306 306 306 306 306 306 175 176 176 171 172 176 176 171 172 176 176 171 172 176 176 171 172 176 176 171 172 176 176 171 172 176 176 171 172 176 176 171 307 307 307 307 307 307 307 307 307 307 307 307 307 307 307 307 307 307 307 307 307 307 307 307 307 307 307 307 307 307 307 307
1 1 1 1 1 1 1 1 1 1 1 1 1 1 1 1 1 1 1 1 1 1 1 1 1 1 1 1 1 1 1 1 1 1 1 1 1 1 1 1 1 1 1 1 1 1 1 1 1 1 1 1 1 1 1 1 1 1 1 1 1 1 1 1 171 172 194 195 287 195 190 190 286 190 190 190 286 190 190 190 286 190 190 190 286 190 190 190 286 190 190 190 286 190 171 172 1 1 1 1 1 1 1 1 1 1 1 1 1 1 1 1 1 1 1 1 1 1 1 1 1 1 1 1 1 1 1 1 1 1 1 1 1 1 1 1 1 1 1 1 1 1 1 1 1 1 1 1 1 1 1 1 1 1 1 1 1 1 1 1 1 1 1 1 1 1 1 1 1 1 1 1 1 1 1 1 1 1 1 1 1 1 1 1 1 1 1 1 1 1 1 1
1 1 1 1 1 1 1 1 1 1 1 1 1 1 1 1 1 1 1 1 1 1 1 1 1 1 1 1 1 1 1 1 1 1 1 1 1 1 1 1 1 1 1 1 1 1 1 1 1 1 1 1 1 1 1 1 1 1 1 1 1 1 1 1 172 176 194 195 298 195 195 195 287 195 195 195 287 195 195 195 287 195 195 195 287 195 195 195 287 195 195 195 287 195 176 171 1 1 1 1 1 1 1 1 1 1 1 1 1 1 1 1 1 1 1 1 1 1 1 1 1 1 1 1 1 1 1 1 1 1 1 1 1 1 1 1 1 1 1 1 1 1 1 1 1 1 1 1 1 1 1 1 1 1 1 1 1 1 1 1 1 1 1 1 1 1 1 1 1 1 1 1 1 1 1 1 1 1 1 1 1 1 1 1 1 1 1 1 1 1 1 1
1 1 1 1 1 1 1 1 1 1 1 1 1 1 1 1 1 1 1 1 1 1 1 1 1 1 1 1 1 1 1 1 1 1 1 1 1 1 1 1 1 1 1 1 1 1 1 1 1 1 1 1 1 1 1 1 1 1 1 1 1 1 1 1 171 172 171 172 171 172 171 172 171 172 171 172 171 172 171 172 171 172 171 172 171 172 196 195 287 195 195 195 287 195 171 172 1 1 1 1 1 1 1 1 1 1 1 1 1 1 1 1 1 1 1 1 1 1 1 1 1 1 1 1 1 1 1 1 1 1 1 1 1 1 1 1 1 1 1 1 1 1 1 1 1 1 1 1 1 1 1 1 1 1 1 1 1 1 1 1 1 1 1 1 1 1 1 1 1 1 1 1 1 1 1 1 1 1 1 1 1 1 1 1 1 1 1 1 1 1 1 1
1 1 1 1 1 1 1 1 1 1 1 1 1 1 1 1 1 1 1 1 1 1 1 1 1 1 1 1 1 1 1 1 1 1 1 1 1 1 1 1 1 1 1 1 1 1 1 1 1 1 1 1 1 1 1 1 1 1 1 1 1 1 1 1 172 176 176 171 172 176 176 171 172 176 176 171 172 176 176 171 172 176 176 171 172 176 194 195 287 195 195 195 287 195 176 171 1 1 1 1 1 1 1 1 1 1 1 1 1 1 1 1 1 1 1 1 1 1 1 1 1 1 1 1 1 1 1 1 1 1 1 1 1 1 1 1 1 1 1 1 1 1 1 1 1 1 1 1 1 1 1 1 1 1 1 1 1 1 1 1 1 1 1 1 1 1 1 1 1 1 1 1 1 1 1 1 1 1 1 1 1 1 1 1 1 1 1 1 1 1 1 1
1 1 1 1 1 1 1 1 1 1 1 1 1 1 1 1 1 1 1 1 1 1 1 1 1 1 1 1 1 1 1 1 1 1 1 1 1 1 1 1 1 1 1 1 1 1 1 1 1 1 1 1 1 1 1 1 1 1 1 1 1 1 1 1 171 172 189 190 286 190 190 190 286 190 190 190 286 190 190 190 286 190 190 190 286 190 198 195 287 195 195 195 287 195 171 172 1 1 1 1 1 1 1 1 1 1 1 1 1 1 1 1 1 1 1 1 1 1 1 1 1 1 1 1 1 1 1 1 1 1 1 1 1 1 1 1 1 1 1 1 1 1 1 1 1 1 1 1 1 1 1 1 1 1 1 1 1 1 1 1 1 1 1 1 1 1 1 1 1 1 1 1 1 1 1 1 1 1 1 1 1 1 1 1 1 1 1 1 1 1 1 1
1 1 1 1 1 1 1 1 1 1 1 1 1 1 1 1 1 1 1 1 1 1 1 1 1 1 1 1 1 1 1 1 1 1 1 1 1 1 1 1 1 1 1 1 1 1 1 1 1 1 1 1 1 1 1 1 1 1 1 1 1 1 1 1 172 176 194 195 287 195 195 195 287 195 195 195 287 195 195 195 287 195 195 195 287 195 195 195 298 195 195 195 287 195 176 171 1 1 1 1 1 1 1 1 1 1 1 1 1 1 1 1 1 1 1 1 1 1 1 1 1 1 1 1 1 1 1 1 1 1 1 1 1 1 1 1 1 1 1 1 1 1 1 1 1 1 1 1 1 1 1 1 1 1 1 1 1 1 1 1 1 1 1 1 1 1 1 1 1 1 1 1 1 1 1 1 1 1 1 1 1 1 1 1 1 1 1 1 1 1 1 1
1 1 1 1 1 1 1 1 1 1 1 1 1 1 1 1 1 1 1 1 1 1 1 1 1 1 1 1 1 1 1 1 1 1 1 1 1 1 1 1 1 1 1 1 1 1 1 1 1 1 1 1 1 1 1 1 1 1 1 1 1 1 1 1 171 172 194 195 287 195 195 195 287 195 195 195 287 195 195 195 287 195 195 195 287 195 171 172 171 172 196 195 287 195 171 172 1 1 1 1 1 1 1 1 1 1 1 1 1 1 1 1 1 1 1 1 1 1 1 1 1 1 1 1 1 1 1 1 1 1 1 1 1 1 1 1 1 1 1 1 1 1 1 1 1 1 1 1 1 1 1 1 1 1 1 1 1 1 1 1 1 1 1 1 1 1 1 1 1 1 1 1 1 1 1 1 1 1 1 1 1 1 1 1 1 1 1 1 1 1 1 1
1 1 1 1 1 1 1 1 1 1 1 1 1 1 1 1 1 1 1 1 1 1 1 1 1 1 1 1 1 1 1 1 1 1 1 1 1 1 1 1 1 1 1 1 1 1 1 1 1 1 1 1 1 1 1 1 1 1 1 1 1 1 1 1 172 176 194 195 287 195 195 195 287 195 195 195 287 195 195 195 287 195 195 195 287 195 176 171 172 176 194 195 287 195 176 171 1 1 1 1 1 1 1 1 1 1 1 1 1 1 1 1 1 1 1 1 1 1 1 1 1 1 1 1 1 1 1 1 1 1 1 1 1 1 1 1 1 1 1 1 1 1 1 1 1 1 1 1 1 1 1 1 1 1 1 1 1 1 1 1 1 1 1 1 1 1 1 1 1 1 1 1 1 1 1 1 1 1 1 1 1 1 1 1 1 1 1 1 1 1 1 1
1 1 1 1 1 1 1 1 1 1 1 1 1 1 1 1 1 1 1 1 1 1 1 1 1 1 1 1 1 1 1 1 1 1 1 1 1 1 1 1 1 1 1 1 1 1 1 1 1 1 1 1 1 1 1 1 1 1 1 1 1 1 1 1 171 172 194 195 287 195 195 195 287 195 195 195 287 195 195 195 287 195 195 195 287 195 199 190 286 190 198 195 287 195 171 172 1 1 1 1 1 1 1 1 1 1 1 1 1 1 1 1 1 1 1 1 1 1 1 1 1 1 1 1 1 1 1 1 1 1 1 1 1 1 1 1 1 1 1 1 1 1 1 1 1 1 1 1 1 1 1 1 1 1 1 1 1 1 1 1 1 1 1 1 1 1 1 1 1 1 1 1 1 1 1 1 1 1 1 1 1 1 1 1 1 1 1 1 1 1 1 1
1 1 1 1 1 1 1 1 1 1 1 1 1 1 1 1 1 1 1 1 1 1 1 1 1 1 1 1 1 1 1 1 1 1 1 1 1 1 1 1 1 1 1 1 1 1 1 1 1 1 1 1 1 1 1 1 1 1 1 1 1 1 1 1 172 176 194 195 287 195 195 195 298 195 195 195 298 195 195 195 298 195 195 195 298 195 195 195 287 195 195 195 287 195 176 171 1 1 1 1 1 1 1 1 1 1 1 1 1 1 1 1 1 1 1 1 1 1 1 1 1 1 1 1 1 1 1 1 1 1 1 1 1 1 1 1 1 1 1 1 1 1 1 1 1 1 1 1 1 1 1 1 1 1 1 1 1 1 1 1 1 1 1 1 1 1 1 1 1 1 1 1 1 1 1 1 1 1 1 1 1 1 1 1 1 1 1 1 1 1 1 1
1 1 1 1 1 1 1 1 1 1 1 1 1 1 1 1 1 1 1 1 1 1 1 1 1 1 1 1 1 1 1 1 1 1 1 1 1 1 1 1 1 1 1 1 1 1 1 1 1 1 1 1 1 1 1 1 1 1 1 1 1 1 1 1 171 172 194 195 287 195 171 172 171 172 171 172 171 172 171 172 171 172 171 172 171 172 196 195 287 195 195 195 287 195 171 172 1 1 1 1 1 1 1 1 1 1 1 1 1 1 1 1 1 1 1 1 1 1 1 1 1 1 1 1 1 1 1 1 1 1 1 1 1 1 1 1 1 1 1 1 1 1 1 1 1 1 1 1 1 1 1 1 1 1 1 1 1 1 1 1 1 1 1 1 1 1 1 1 1 1 1 1 1 1 1 1 1 1 1 1 1 1 1 1 1 1 1 1 1 1 1 1
1 1 1 1 1 1 1 1 1 1 1 1 1 1 1 1 1 1 1 1 1 1 1 1 1 1 1 1 1 1 1 1 1 1 1 1 1 1 1 1 1 1 1 1 1 1 1 1 1 1 1 1 1 1 1 1 1 1 1 1 1 1 1 1 172 176 194 195 287 195 176 171 172 176 176 171 172 176 176 171 172 176 176 171 172 176 194 195 287 195 195 195 287 195 176 171 1 1 1 1 1 1 1 1 1 1 1 1 1 1 1 1 1 1 1 1 1 1 1 1 1 1 1 1 1 1 1 1 1 1 1 1 1 1 1 1 1 1 1 1 1 1 1 1 1 1 1 1 1 1 1 1 1 1 1 1 1 1 1 1 1 1 1 1 1 1 1 1 1 1 1 1 1 1 1 1 1 1 1 1 1 1 1 1 1 1 1 1 1 1 1 1
1 1 1 1 1 1 1 1 1 1 1 1 1 1 1 1 1 1 1 1 1 1 1 1 1 1 1 1 1 1 1 1 1 1 1 1 1 1 1 1 1 1 1 1 1 1 1 1 1 1 1 1 1 1 1 1 1 1 1 1 1 1 1 1 171 172 194 195 287 195 199 190 286 190 190 190 286 190 190 190 286 190 190 190 286 190 198 195 287 195 195 195 287 195 171 172 1 1 1 1 1 1 1 1 1 1 1 1 1 1 1 1 1 1 1 1 1 1 1 1 1 1 1 1 1 1 1 1 1 1 1 1 1 1 1 1 1 1 1 1 1 1 1 1 1 1 1 1 1 1 1 1 1 1 1 1 1 1 1 1 1 1 1 1 1 1 1 1 1 1 1 1 1 1 1 1 1 1 1 1 1 1 1 1 1 1 1 1 1 1 1 1
1 1 1 1 1 1 1 1 1 1 1 1 1 1 1 1 1 1 1 1 1 1 1 1 1 1 1 1 1 1 1 1 1 1 1 1 1 1 1 1 1 1 1 1 1 1 1 1 1 1 1 1 1 1 1 1 1 1 1 1 1 1 1 1 172 176 194 195 298 195 195 195 287 195 195 195 287 195 195 195 287 195 195 195 287 195 195 195 287 195 195 195 287 195 176 171 1 1 1 1 1 1 1 1 1 1 1 1 1 1 1 1 1 1 1 1 1 1 1 1 1 1 1 1 1 1 1 1 1 1 1 1 1 1 1 1 1 1 1 1 1 1 1 1 1 1 1 1 1 1 1 1 1 1 1 1 1 1 1 1 1 1 1 1 1 1 1 1 1 1 1 1 1 1 1 1 1 1 1 1 1 1 1 1 1 1 1 1 1 1 1 1
1 1 1 1 1 1 1 1 1 1 1 1 1 1 1 1 1 1 1 1 1 1 1 1 1 1 1 1 1 1 1 1 1 1 1 1 1 1 1 1 1 1 1 1 1 1 1 1 1 1 1 1 1 1 1 1 1 1 1 1 1 1 1 1 171 172 171 172 171 172 196 195 287 195 195 195 287 195 195 195 287 195 195 195 287 195 195 195 287 195 195 195 287 195 171 172 1 1 1 1 1 1 1 1 1 1 1 1 1 1 1 1 1 1 1 1 1 1 1 1 1 1 1 1 1 1 1 1 1 1 1 1 1 1 1 1 1 1 1 1 1 1 1 1 1 1 1 1 1 1 1 1 1 1 1 1 1 1 1 1 1 1 1 1 1 1 1 1 1 1 1 1 1 1 1 1 1 1 1 1 1 1 1 1 1 1 1 1 1 1 1 1
1 1 1 1 1 1 1 1 1 1 1 1 1 1 1 1 1 1 1 1 1 1 1 1 1 1 1 1 1 1 1 1 1 1 1 1 1 1 1 1 1 1 1 1 1 1 1 1 1 1 1 1 1 1 1 1 1 1 1 1 1 1 1 1 172 176 176 171 172 176 194 195 287 195 195 195 287 195 195 195 287 195 195 195 287 195 195 195 287 195 195 195 287 195 176 171 1 1 1 1 1 1 1 1 1 1 1 1 1 1 1 1 1 1 1 1 1 1 1 1 1 1 1 1 1 1 1 1 1 1 1 1 1 1 1 1 1 1 1 1 1 1 1 1 1 1 1 1 1 1 1 1 1 1 1 1 1 1 1 1 1 1 1 1 1 1 1 1 1 1 1 1 1 1 1 1 1 1 1 1 1 1 1 1 1 1 1 1 1 1 1 1
1 1 1 1 1 1 1 1 1 1 1 1 1 1 1 1 1 1 1 1 1 1 1 1 1 1 1 1 1 1 1 1 1 1 1 1 1 1 1 1 1 1 1 1 1 1 1 1 1 1 1 1 1 1 1 1 1 1 1 1 1 1 1 1 171 172 189 190 286 190 198 195 287 195 195 195 287 195 195 195 287 195 195 195 287 195 195 195 287 195 195 195 287 195 171 172 1 1 1 1 1 1 1 1 1 1 1 1 1 1 1 1 1 1 1 1 1 1 1 1 1 1 1 1 1 1 1 1 1 1 1 1 1 1 1 1 1 1 1 1 1 1 1 1 1 1 1 1 1 1 1 1 1 1 1 1 1 1 1 1 1 1 1 1 1 1 1 1 1 1 1 1 1 1 1 1 1 1 1 1 1 1 1 1 1 1 1 1 1 1 1 1
1 1 1 1 1 1 1 1 1 1 1 1 1 1 1 1 1 1 1 1 1 1 1 1 1 1 1 1 1 1 1 1 1 1 1 1 1 1 1 1 1 1 1 1 1 1 1 1 1 1 1 1 1 1 1 1 1 1 1 1 1 1 1 1 172 176 194 195 287 195 195 195 298 195 195 195 298 195 195 195 287 195 195 195 298 195 195 195 298 195 195 195 287 195 176 171 1 1 1 1 1 1 1 1 1 1 1 1 1 1 1 1 1 1 1 1 1 1 1 1 1 1 1 1 1 1 1 1 1 1 1 1 1 1 1 1 1 1 1 1 1 1 1 1 1 1 1 1 1 1 1 1 1 1 1 1 1 1 1 1 1 1 1 1 1 1 1 1 1 1 1 1 1 1 1 1 1 1 1 1 1 1 1 1 1 1 1 1 1 1 1 1
1 1 1 1 1 1 1 1 1 1 1 1 1 1 1 1 1 1 1 1 1 1 1 1 1 1 1 1 1 1 1 1 1 1 1 1 1 1 1 1 1 1 1 1 1 1 1 1 1 1 1 1 1 1 1 1 1 1 1 1 1 1 1 1 171 172 171 172 171 172 171 172 171 172 171 172 171 172 196 195 287 195 171 172 171 172 171 172 171 172 196 195 287 195 171 172 1 1 1 1 1 1 1 1 1 1 1 1 1 1 1 1 1 1 1 1 1 1 1 1 1 1 1 1 1 1 1 1 1 1 1 1 1 1 1 1 1 1 1 1 1 1 1 1 1 1 1 1 1 1 1 1 1 1 1 1 1 1 1 1 1 1 1 1 1 1 1 1 1 1 1 1 1 1 1 1 1 1 1 1 1 1 1 1 1 1 1 1 1 1 1 1
1 1 1 1 1 1 1 1 1 1 1 1 1 1 1 1 1 1 1 1 1 1 1 1 1 1 1 1 1 1 1 1 1 1 1 1 1 1 1 1 1 1 1 1 1 1 1 1 1 1 1 1 1 1 1 1 1 1 1 1 1 1 1 1 172 176 176 171 172 176 176 171 172 176 176 171 172 176 194 195 287 195 176 171 172 176 176 171 172 176 194 195 287 195 176 171 1 1 1 1 1 1 1 1 1 1 1 1 1 1 1 1 1 1 1 1 1 1 1 1 1 1 1 1 1 1 1 1 1 1 1 1 1 1 1 1 1 1 1 1 1 1 1 1 1 1 1 1 1 1 1 1 1 1 1 1 1 1 1 1 1 1 1 1 1 1 1 1 1 1 1 1 1 1 1 1 1 1 1 1 1 1 1 1 1 1 1 1 1 1 1 1
1 1 1 1 1 1 1 1 1 1 1 1 1 1 1 1 1 1 1 1 1 1 1 1 1 1 1 1 1 1 1 1 1 1 1 1 1 1 1 1 1 1 1 1 1 1 1 1 1 1 1 1 1 1 1 1 1 1 1 1 1 1 1 1 171 172 189 190 286 190 190 190 286 190 190 190 286 190 198 195 287 195 199 190 286 190 190 190 286 190 198 195 287 195 171 172 1 1 1 1 1 1 1 1 1 1 1 1 1 1 1 1 1 1 1 1 1 1 1 1 1 1 1 1 1 1 1 1 1 1 1 1 1 1 1 1 1 1 1 1 1 1 1 1 1 1 1 1 1 1 1 1 1 1 1 1 1 1 1 1 1 1 1 1 1 1 1 1 1 1 1 1 1 1 1 1 1 1 1 1 1 1 1 1 1 1 1 1 1 1 1 1
1 1 1 1 1 1 1 1 1 1 1 1 1 1 1 1 1 1 1 1 1 1 1 1 1 1 1 1 1 1 1 1 1 1 1 1 1 1 1 1 1 1 1 1 1 1 1 1 1 1 1 1 1 1 1 1 1 1 1 1 1 1 1 1 172 176 194 195 287 195 195 195 287 195 195 195 287 195 195 195 287 195 195 195 287 195 195 195 287 195 195 195 298 195 176 171 1 1 1 1 1 1 1 1 1 1 1 1 1 1 1 1 1 1 1 1 1 1 1 1 1 1 1 1 1 1 1 1 1 1 1 1 1 1 1 1 1 1 1 1 1 1 1 1 1 1 1 1 1 1 1 1 1 1 1 1 1 1 1 1 1 1 1 1 1 1 1 1 1 1 1 1 1 1 1 1 1 1 1 1 1 1 1 1 1 1 1 1 1 1 1 1
1 1 1 1 1 1 1 1 1 1 1 1 1 1 1 1 1 1 1 1 1 1 1 1 1 1 1 1 1 1 1 1 1 1 1 1 1 1 1 1 1 1 1 1 1 1 1 1 1 1 1 1 1 1 1 1 1 1 1 1 1 1 1 1 171 172 194 195 287 195 195 195 287 195 195 195 287 195 195 195 287 195 195 195 287 195 195 195 287 195 171 172 171 172 171 172 1 1 1 1 1 1 1 1 1 1 1 1 1 1 1 1 1 1 1 1 1 1 1 1 1 1 1 1 1 1 1 1 1 1 1 1 1 1 1 1 1 1 1 1 1 1 1 1 1 1 1 1 1 1 1 1 1 1 1 1 1 1 1 1 1 1 1 1 1 1 1 1 1 1 1 1 1 1 1 1 1 1 1 1 1 1 1 1 1 1 1 1 1 1 1 1
1 1 1 1 1 1 1 1 1 1 1 1 1 1 1 1 1 1 1 1 1 1 1 1 1 1 1 1 1 1 1 1 1 1 1 1 1 1 1 1 1 1 1 1 1 1 1 1 1 1 1 1 1 1 1 1 1 1 1 1 1 1 1 1 172 176 194 195 287 195 195 195 287 195 195 195 287 195 195 195 287 195 195 195 287 195 195 195 287 195 176 171 172 176 176 171 1 1 1 1 1 1 1 1 1 1 1 1 1 1 1 1 1 1 1 1 1 1 1 1 1 1 1 1 1 1 1 1 1 1 1 1 1 1 1 1 1 1 1 1 1 1 1 1 1 1 1 1 1 1 1 1 1 1 1 1 1 1 1 1 1 1 1 1 1 1 1 1 1 1 1 1 1 1 1 1 1 1 1 1 1 1 1 1 1 1 1 1 1 1 1 1
1 1 1 1 1 1 1 1 1 1 1 1 1 1 1 1 1 1 1 1 1 1 1 1 1 1 1 1 1 1 1 1 1 1 1 1 1 1 1 1 1 1 1 1 1 1 1 1 1 1 1 1 1 1 1 1 1 1 1 1 1 1 1 1 171 308 194 195 287 195 195 195 287 195 195 195 287 195 195 195 287 195 195 195 287 195 195 195 287 195 199 190 286 190 171 172 1 1 1 1 1 1 1 1 1 1 1 1 1 1 1 1 1 1 1 1 1 1 1 1 1 1 1 1 1 1 1 1 1 1 1 1 1 1 1 1 1 1 1 1 1 1 1 1 1 1 1 1 1 1 1 1 1 1 1 1 1 1 1 1 1 1 1 1 1 1 1 1 1 1 1 1 1 1 1 1 1 1 1 1 1 1 1 1 1 1 1 1 1 1 1 1
1 1 1 1 1 1 1 1 1 1 1 1 1 1 1 1 1 1 1 1 1 1 1 1 1 1 1 1 1 1 1 1 1 1 1 1 1 1 1 1 1 1 1 1 1 1 1 1 1 1 1 1 1 1 1 1 1 1 1 1 1 1 1 1 172 176 194 195 287 195 195 195 298 195 195 195 298 195 195 195 298 195 195 195 298 195 195 195 298 195 195 195 287 195 176 171 1 1 1 1 1 1 1 1 1 1 1 1 1 1 1 1 1 1 1 1 1 1 1 1 1 1 1 1 1 1 1 1 1 1 1 1 1 1 1 1 1 1 1 1 1 1 1 1 1 1 1 1 1 1 1 1 1 1 1 1 1 1 1 1 1 1 1 1 1 1 1 1 1 1 1 1 1 1 1 1 1 1 1 1 1 1 1 1 1 1 1 1 1 1 1 1
1 1 1 1 1 1 1 1 1 1 1 1 1 1 1 1 1 1 1 1 1 1 1 1 1 1 1 1 1 1 1 1 1 1 1 1 1 1 1 1 1 1 1 1 1 1 1 1 1 1 1 1 1 1 1 1 1 1 1 1 1 1 1 1 171 172 194 195 287 195 171 172 171 172 171 172 171 172 171 172 171 172 171 172 171 172 171 172 171 172 196 195 287 195 171 172 1 1 1 1 1 1 1 1 1 1 1 1 1 1 1 1 1 1 1 1 1 1 1 1 1 1 1 1 1 1 1 1 1 1 1 1 1 1 1 1 1 1 1 1 1 1 1 1 1 1 1 1 1 1 1 1 1 1 1 1 1 1 1 1 1 1 1 1 1 1 1 1 1 1 1 1 1 1 1 1 1 1 1 1 1 1 1 1 1 1 1 1 1 1 1 1
1 1 1 1 1 1 1 1 1 1 1 1 1 1 1 1 1 1 1 1 1 1 1 1 1 1 1 1 1 1 1 1 1 1 1 1 1 1 1 1 1 1 1 1 1 1 1 1 1 1 1 1 1 1 1 1 1 1 1 1 1 1 1 1 172 176 194 195 287 195 176 171 172 176 176 171 172 176 176 171 172 176 176 171 172 176 176 171 172 176 194 195 287 195 176 171 1 1 1 1 1 1 1 1 1 1 1 1 1 1 1 1 1 1 1 1 1 1 1 1 1 1 1 1 1 1 1 1 1 1 1 1 1 1 1 1 1 1 1 1 1 1 1 1 1 1 1 1 1 1 1 1 1 1 1 1 1 1 1 1 1 1 1 1 1 1 1 1 1 1 1 1 1 1 1 1 1 1 1 1 1 1 1 1 1 1 1 1 1 1 1 1
1 1 1 1 1 1 1 1 1 1 1 1 1 1 1 1 1 1 1 1 1 1 1 1 1 1 1 1 1 1 1 1 1 1 1 1 1 1 1 1 1 1 1 1 1 1 1 1 1 1 1 1 1 1 1 1 1 1 1 1 1 1 1 1 171 172 194 195 287 195 199 190 286 190 190 190 286 190 190 190 176 176 189 190 286 190 190 190 286 190 198 195 287 195 171 172 1 1 1 1 1 1 1 1 1 1 1 1 1 1 1 1 1 1 1 1 1 1 1 1 1 1 1 1 1 1 1 1 1 1 1 1 1 1 1 1 1 1 1 1 1 1 1 1 1 1 1 1 1 1 1 1 1 1 1 1 1 1 1 1 1 1 1 1 1 1 1 1 1 1 1 1 1 1 1 1 1 1 1 1 1 1 1 1 1 1 1 1 1 1 1 1
1 1 1 1 1 1 1 1 1 1 1 1 1 1 1 1 1 1 1 1 1 1 1 1 1 1 1 1 1 1 1 1 1 1 1 1 1 1 1 1 1 1 1 1 1 1 1 1 1 1 1 1 1 1 1 1 1 1 1 1 1 1 1 1 172 176 194 195 298 195 195 195 287 195 195 195 287 195 195 195 176 176 194 195 287 195 195 195 287 195 195 195 298 195 176 171 1 1 1 1 1 1 1 1 1 1 1 1 1 1 1 1 1 1 1 1 1 1 1 1 1 1 1 1 1 1 1 1 1 1 1 1 1 1 1 1 1 1 1 1 1 1 1 1 1 1 1 1 1 1 1 1 1 1 1 1 1 1 1 1 1 1 1 1 1 1 1 1 1 1 1 1 1 1 1 1 1 1 1 1 1 1 1 1 1 1 1 1 1 1 1 1
1 1 1 1 1 1 1 1 1 1 1 1 1 1 1 1 1 1 1 1 1 1 1 1 1 1 1 1 1 1 1 1 1 1 1 1 1 1 1 1 1 1 1 1 1 1 1 1 1 1 1 1 1 1 1 1 1 1 1 1 1 1 1 1 171 172 171 172 171 172 196 195 287 195 195 195 287 195 195 195 176 176 194 195 287 195 195 195 287 195 171 172 171 172 171 172 1 1 1 1 1 1 1 1 1 1 1 1 1 1 1 1 1 1 1 1 1 1 1 1 1 1 1 1 1 1 1 1 1 1 1 1 1 1 1 1 1 1 1 1 1 1 1 1 1 1 1 1 1 1 1 1 1 1 1 1 1 1 1 1 1 1 1 1 1 1 1 1 1 1 1 1 1 1 1 1 1 1 1 1 1 1 1 1 1 1 1 1 1 1 1 1
1 1 1 1 1 1 1 1 1 1 1 1 1 1 1 1 1 1 1 1 1 1 1 1 1 1 1 1 1 1 1 1 1 1 1 1 1 1 1 1 1 1 1 1 1 1 1 1 1 1 1 1 1 1 1 1 1 1 1 1 1 1 1 1 172 176 176 171 172 176 194 195 287 195 195 195 287 195 195 195 176 176 194 195 287 195 195 195 287 195 176 171 172 176 176 171 1 1 1 1 1 1 1 1 1 1 1 1 1 1 1 1 1 1 1 1 1 1 1 1 1 1 1 1 1 1 1 1 1 1 1 1 1 1 1 1 1 1 1 1 1 1 1 1 1 1 1 1 1 1 1 1 1 1 1 1 1 1 1 1 1 1 1 1 1 1 1 1 1 1 1 1 1 1 1 1 1 1 1 1 1 1 1 1 1 1 1 1 1 1 1 1
1 1 1 1 1 1 1 1 1 1 1 1 1 1 1 1 1 1 1 1 1 1 1 1 1 1 1 1 1 1 1 1 1 1 1 1 1 1 1 1 1 1 1 1 1 1 1 1 1 1 1 1 1 1 1 1 1 1 1 1 1 1 1 1 171 172 189 190 286 190 198 195 287 195 195 195 287 195 195 195 176 176 194 195 287 195 195 195 287 195 199 190 286 190 171 172 1 1 1 1 1 1 1 1 1 1 1 1 1 1 1 1 1 1 1 1 1 1 1 1 1 1 1 1 1 1 1 1 1 1 1 1 1 1 1 1 1 1 1 1 1 1 1 1 1 1 1 1 1 1 1 1 1 1 1 1 1 1 1 1 1 1 1 1 1 1 1 1 1 1 1 1 1 1 1 1 1 1 1 1 1 1 1 1 1 1 1 1 1 1 1 1
1 1 1 1 1 1 1 1 1 1 1 1 1 1 1 1 1 1 1 1 1 1 1 1 1 1 1 1 1 1 1 1 1 1 1 1 1 1 1 1 1 1 1 1 1 1 1 1 1 1 1 1 1 1 1 1 1 1 1 1 1 1 1 1 172 176 194 195 287 195 195 195 298 195 195 195 287 195 195 195 145 145 194 195 298 195 195 195 298 195 195 195 287 195 176 171 1 1 1 1 1 1 1 1 1 1 1 1 1 1 1 1 1 1 1 1 1 1 1 1 1 1 1 1 1 1 1 1 1 1 1 1 1 1 1 1 1 1 1 1 1 1 1 1 1 1 1 1 1 1 1 1 1 1 1 1 1 1 1 1 1 1 1 1 1 1 1 1 1 1 1 1 1 1 1 1 1 1 1 1 1 1 1 1 1 1 1 1 1 1 1 1
1 1 1 1 1 1 1 1 1 1 1 1 1 1 1 1 1 1 1 1 1 1 1 1 1 1 1 1 1 1 1 1 1 1 1 1 1 1 1 1 1 1 1 1 1 1 1 1 1 1 1 1 1 1 1 1 1 1 1 1 1 1 1 1 171 172 194 195 287 195 171 172 171 172 196 195 287 195 171 172 171 172 171 172 171 172 171 172 171 172 196 195 287 195 171 172 1 1 1 1 1 1 1 1 1 1 1 1 1 1 1 1 1 1 1 1 1 1 1 1 1 1 1 1 1 1 1 1 1 1 1 1 1 1 1 1 1 1 1 1 1 1 1 1 1 1 1 1 1 1 1 1 1 1 1 1 1 1 1 1 1 1 1 1 1 1 1 1 1 1 1 1 1 1 1 1 1 1 1 1 1 1 1 1 1 1 1 1 1 1 1 1
1 1 1 1 1 1 1 1 1 1 1 1 1 1 1 1 1 1 1 1 1 1 1 1 1 1 1 1 1 1 1 1 1 1 1 1 1 1 1 1 1 1 1 1 1 1 1 1 1 1 1 1 1 1 1 1 1 1 1 1 1 1 1 1 172 176 194 195 287 195 176 171 172 176 194 195 287 195 176 171 172 176 176 171 172 176 176 171 172 176 194 195 287 195 176 171 1 1 1 1 1 1 1 1 1 1 1 1 1 1 1 1 1 1 1 1 1 1 1 1 1 1 1 1 1 1 1 1 1 1 1 1 1 1 1 1 1 1 1 1 1 1 1 1 1 1 1 1 1 1 1 1 1 1 1 1 1 1 1 1 1 1 1 1 1 1 1 1 1 1 1 1 1 1 1 1 1 1 1 1 1 1 1 1 1 1 1 1 1 1 1 1
1 1 1 1 1 1 1 1 1 1 1 1 1 1 1 1 1 1 1 1 1 1 1 1 1 1 1 1 1 1 1 1 1 1 1 1 1 1 1 1 1 1 1 1 1 1 1 1 1 1 1 1 1 1 1 1 1 1 1 1 1 1 1 1 171 172 194 195 287 195 199 190 286 190 198 195 287 195 199 190 286 190 190 190 176 176 189 190 286 190 198 195 287 195 171 172 1 1 1 1 1 1 1 1 1 1 1 1 1 1 1 1 1 1 1 1 1 1 1 1 1 1 1 1 1 1 1 1 1 1 1 1 1 1 1 1 1 1 1 1 1 1 1 1 1 1 1 1 1 1 1 1 1 1 1 1 1 1 1 1 1 1 1 1 1 1 1 1 1 1 1 1 1 1 1 1 1 1 1 1 1 1 1 1 1 1 1 1 1 1 1 1
1 1 1 1 1 1 1 1 1 1 1 1 1 1 1 1 1 1 1 1 1 1 1 1 1 1 1 1 1 1 1 1 1 1 1 1 1 1 1 1 1 1 1 1 1 1 1 1 1 1 1 1 1 1 1 1 1 1 1 1 1 1 1 1 172 176 194 195 298 195 195 195 287 195 195 195 298 195 195 195 287 195 195 195 176 176 194 195 287 195 195 195 298 195 176 171 1 1 1 1 1 1 1 1 1 1 1 1 1 1 1 1 1 1 1 1 1 1 1 1 1 1 1 1 1 1 1 1 1 1 1 1 1 1 1 1 1 1 1 1 1 1 1 1 1 1 1 1 1 1 1 1 1 1 1 1 1 1 1 1 1 1 1 1 1 1 1 1 1 1 1 1 1 1 1 1 1 1 1 1 1 1 1 1 1 1 1 1 1 1 1 1
1 1 1 1 1 1 1 1 1 1 1 1 1 1 1 1 1 1 1 1 1 1 1 1 1 1 1 1 1 1 1 1 1 1 1 1 1 1 1 1 1 1 1 1 1 1 1 1 1 1 1 1 1 1 1 1 1 1 1 1 1 1 1 1 171 172 171 172 171 172 171 172 171 172 171 172 171 172 196 195 287 195 195 195 176 176 194 195 287 195 171 172 171 172 171 172 1 1 1 1 1 1 1 1 1 1 1 1 1 1 1 1 1 1 1 1 1 1 1 1 1 1 1 1 1 1 1 1 1 1 1 1 1 1 1 1 1 1 1 1 1 1 1 1 1 1 1 1 1 1 1 1 1 1 1 1 1 1 1 1 1 1 1 1 1 1 1 1 1 1 1 1 1 1 1 1 1 1 1 1 1 1 1 1 1 1 1 1 1 1 1 1
1 1 1 1 1 1 1 1 1 1 1 1 1 1 1 1 1 1 1 1 1 1 1 1 1 1 1 1 1 1 1 1 1 1 1 1 1 1 1 1 1 1 1 1 1 1 1 1 1 1 1 1 1 1 1 1 1 1 1 1 1 1 1 1 172 176 176 171 172 176 176 171 172 176 176 171 172 176 194 195 287 195 195 195 176 176 194 195 287 195 176 171 172 176 176 171 1 1 1 1 1 1 1 1 1 1 1 1 1 1 1 1 1 1 1 1 1 1 1 1 1 1 1 1 1 1 1 1 1 1 1 1 1 1 1 1 1 1 1 1 1 1 1 1 1 1 1 1 1 1 1 1 1 1 1 1 1 1 1 1 1 1 1 1 1 1 1 1 1 1 1 1 1 1 1 1 1 1 1 1 1 1 1 1 1 1 1 1 1 1 1 1
1 1 1 1 1 1 1 1 1 1 1 1 1 1 1 1 1 1 1 1 1 1 1 1 1 1 1 1 1 1 1 1 1 1 1 1 1 1 1 1 1 1 1 1 1 1 1 1 1 1 1 1 1 1 1 1 1 1 1 1 1 1 1 1 171 172 189 190 286 190 190 190 286 190 190 190 286 190 198 195 287 195 195 195 176 176 194 195 287 195 199 190 286 190 171 172 1 1 1 1 1 1 1 1 1 1 1 1 1 1 1 1 1 1 1 1 1 1 1 1 1 1 1 1 1 1 1 1 1 1 1 1 1 1 1 1 1 1 1 1 1 1 1 1 1 1 1 1 1 1 1 1 1 1 1 1 1 1 1 1 1 1 1 1 1 1 1 1 1 1 1 1 1 1 1 1 1 1 1 1 1 1 1 1 1 1 1 1 1 1 1 1
1 1 1 1 1 1 1 1 1 1 1 1 1 1 1 1 1 1 1 1 1 1 1 1 1 1 1 1 1 1 1 1 1 1 1 1 1 1 1 1 1 1 1 1 1 1 1 1 1 1 1 1 1 1 1 1 1 1 1 1 1 1 1 1 172 176 194 195 287 195 195 195 287 195 195 195 287 195 195 195 298 195 195 195 145 145 194 195 298 195 195 195 287 195 176 171 1 1 1 1 1 1 1 1 1 1 1 1 1 1 1 1 1 1 1 1 1 1 1 1 1 1 1 1 1 1 1 1 1 1 1 1 1 1 1 1 1 1 1 1 1 1 1 1 1 1 1 1 1 1 1 1 1 1 1 1 1 1 1 1 1 1 1 1 1 1 1 1 1 1 1 1 1 1 1 1 1 1 1 1 1 1 1 1 1 1 1 1 1 1 1 1
1 1 1 1 1 1 1 1 1 1 1 1 1 1 1 1 1 1 1 1 1 1 1 1 1 1 1 1 1 1 1 1 1 1 1 1 1 1 1 1 1 1 1 1 1 1 1 1 1 1 1 1 1 1 1 1 1 1 1 1 1 1 1 1 171 172 194 195 287 195 195 195 287 195 171 172 171 172 171 172 171 172 171 172 171 172 171 172 171 172 196 195 287 195 171 172 1 1 1 1 1 1 1 1 1 1 1 1 1 1 1 1 1 1 1 1 1 1 1 1 1 1 1 1 1 1 1 1 1 1 1 1 1 1 1 1 1 1 1 1 1 1 1 1 1 1 1 1 1 1 1 1 1 1 1 1 1 1 1 1 1 1 1 1 1 1 1 1 1 1 1 1 1 1 1 1 1 1 1 1 1 1 1 1 1 1 1 1 1 1 1 1
1 1 1 1 1 1 1 1 1 1 1 1 1 1 1 1 1 1 1 1 1 1 1 1 1 1 1 1 1 1 1 1 1 1 1 1 1 1 1 1 1 1 1 1 1 1 1 1 1 1 1 1 1 1 1 1 1 1 1 1 1 1 1 1 172 176 194 195 287 195 195 195 287 195 176 171 172 176 176 171 172 176 176 171 172 176 176 171 172 176 194 195 287 195 176 171 1 1 1 1 1 1 1 1 1 1 1 1 1 1 1 1 1 1 1 1 1 1 1 1 1 1 1 1 1 1 1 1 1 1 1 1 1 1 1 1 1 1 1 1 1 1 1 1 1 1 1 1 1 1 1 1 1 1 1 1 1 1 1 1 1 1 1 1 1 1 1 1 1 1 1 1 1 1 1 1 1 1 1 1 1 1 1 1 1 1 1 1 1 1 1 1
1 1 1 1 1 1 1 1 1 1 1 1 1 1 1 1 1 1 1 1 1 1 1 1 1 1 1 1 1 1 1 1 1 1 1 1 1 1 1 1 1 1 1 1 1 1 1 1 1 1 1 1 1 1 1 1 1 1 1 1 1 1 1 1 171 172 194 195 287 195 195 195 287 195 199 190 286 190 190 190 176 176 189 190 286 190 190 190 286 190 198 195 287 195 171 172 1 1 1 1 1 1 1 1 1 1 1 1 1 1 1 1 1 1 1 1 1 1 1 1 1 1 1 1 1 1 1 1 1 1 1 1 1 1 1 1 1 1 1 1 1 1 1 1 1 1 1 1 1 1 1 1 1 1 1 1 1 1 1 1 1 1 1 1 1 1 1 1 1 1 1 1 1 1 1 1 1 1 1 1 1 1 1 1 1 1 1 1 1 1 1 1
1 1 1 1 1 1 1 1 1 1 1 1 1 1 1 1 1 1 1 1 1 1 1 1 1 1 1 1 1 1 1 1 1 1 1 1 1 1 1 1 1 1 1 1 1 1 1 1 1 1 1 1 1 1 1 1 1 1 1 1 1 1 1 1 172 176 194 195 298 195 195 195 298 195 195 195 287 195 195 195 176 176 194 195 287 195 195 195 287 195 195 195 298 195 176 171 1 1 1 1 1 1 1 1 1 1 1 1 1 1 1 1 1 1 1 1 1 1 1 1 1 1 1 1 1 1 1 1 1 1 1 1 1 1 1 1 1 1 1 1 1 1 1 1 1 1 1 1 1 1 1 1 1 1 1 1 1 1 1 1 1 1 1 1 1 1 1 1 1 1 1 1 1 1 1 1 1 1 1 1 1 1 1 1 1 1 1 1 1 1 1 1
1 1 1 1 1 1 1 1 1 1 1 1 1 1 1 1 1 1 1 1 1 1 1 1 1 1 1 1 1 1 1 1 1 1 1 1 1 1 1 1 1 1 1 1 1 1 1 1 1 1 1 1 1 1 1 1 1 1 1 1 1 1 1 1 171 172 171 172 171 172 171 172 171 172 196 195 287 195 195 195 176 176 194 195 287 195 195 195 287 195 171 172 171 172 171 172 1 1 1 1 1 1 1 1 1 1 1 1 1 1 1 1 1 1 1 1 1 1 1 1 1 1 1 1 1 1 1 1 1 1 1 1 1 1 1 1 1 1 1 1 1 1 1 1 1 1 1 1 1 1 1 1 1 1 1 1 1 1 1 1 1 1 1 1 1 1 1 1 1 1 1 1 1 1 1 1 1 1 1 1 1 1 1 1 1 1 1 1 1 1 1 1
1 1 1 1 1 1 1 1 1 1 1 1 1 1 1 1 1 1 1 1 1 1 1 1 1 1 1 1 1 1 1 1 1 1 1 1 1 1 1 1 1 1 1 1 1 1 1 1 1 1 1 1 1 1 1 1 1 1 1 1 1 1 1 1 172 176 176 171 172 176 176 285 285 176 194 195 287 195 195 195 176 176 194 195 287 195 195 195 287 195 176 171 172 176 176 171 1 1 1 1 1 1 1 1 1 1 1 1 1 1 1 1 1 1 1 1 1 1 1 1 1 1 1 1 1 1 1 1 1 1 1 1 1 1 1 1 1 1 1 1 1 1 1 1 1 1 1 1 1 1 1 1 1 1 1 1 1 1 1 1 1 1 1 1 1 1 1 1 1 1 1 1 1 1 1 1 1 1 1 1 1 1 1 1 1 1 1 1 1 1 1 1
168 168 168 168 168 168 168 168 168 168 168 168 168 168 168 168 168 168 168 168 168 168 168 168 168 168 168 168 168 168 168 168 168 168 168 168 168 168 168 168 168 168 168 168 168 168 168 168 168 168 168 168 168 168 168 168 168 168 168 168 168 168 168 168 171 172 189 190 286 190 190 190 286 190 198 195 287 195 195 195 176 176 194 195 287 195 195 195 287 195 199 190 286 190 171 172 1 1 1 1 1 1 1 1 1 1 1 1 1 1 1 1 1 1 1 1 1 1 1 1 1 1 1 1 1 1 1 1 1 1 1 1 1 1 1 1 1 1 1 1 1 1 1 1 1 1 1 1 1 1 1 1 1 1 1 1 1 1 1 1 1 1 1 1 1 1 1 1 1 1 1 1 1 1 1 1 1 1 1 1 1 1 1 1 1 1 1 1 1 1 1 1
309 309 309 309 309 309 309 309 309 309 309 309 309 309 309 309 309 309 309 309 309 309 309 309 309 309 309 309 309 309 309 309 309 309 309 309 309 309 309 309 309 309 309 309 309 309 309 309 309 309 309 309 309 309 309 309 309 309 309 309 309 309 309 309 172 176 194 195 287 195 195 195 287 195 195 195 298 195 195 195 145 145 194 195 298 195 195 195 298 195 195 195 287 195 176 171 1 1 1 1 1 1 1 1 1 1 1 1 1 1 1 1 1 1 1 1 1 1 1 1 1 1 1 1 1 1 1 1 1 1 1 1 1 1 1 1 1 1 1 1 1 1 1 1 1 1 1 1 1 1 1 1 1 1 1 1 1 1 1 1 1 1 1 1 1 1 1 1 1 1 1 1 1 1 1 1 1 1 1 1 1 1 1 1 1 1 1 1 1 1 1 1
310 311 312 313 314 315 312 313 314 315 312 313 314 315 312 313 314 315 312 313 314 315 312 313 314 315 312 313 314 315 312 313 314 315 312 313 314 315 312 313 314 315 312 313 314 315 312 313 314 315 312 313 314 315 312 313 314 315 312 310 316 317 318 318 171 172 194 195 287 195 171 172 171 172 171 172 171 172 171 172 171 172 171 172 171 172 171 172 171 172 196 195 287 195 171 172 1 1 1 1 1 1 1 1 1 1 1 1 1 1 1 1 1 1 1 1 1 1 1 1 1 1 1 1 1 1 1 1 1 1 1 1 1 1 1 1 1 1 1 1 1 1 1 1 1 1 1 1 1 1 1 1 1 1 1 1 1 1 1 1 1 1 1 1 1 1 1 1 1 1 1 1 1 1 1 1 1 1 1 1 1 1 1 1 1 1 1 1 1 1 1 1
319 320 321 322 323 324 321 325 326 324 321 322 323 324 321 325 326 324 321 325 326 324 321 322 323 324 321 322 323 324 321 325 326 324 321 322 323 324 321 325 326 324 321 322 323 324 321 322 323 324 321 325 326 324 321 325 326 324 321 319 327 328 329 329 172 176 194 195 287 195 176 171 172 176 176 171 172 176 176 171 172 176 176 171 172 176 176 171 172 176 194 195 287 195 176 171 1 1 1 1 1 1 1 1 1 1 1 1 1 1 1 1 1 1 1 1 1 1 1 1 1 1 1 1 1 1 1 1 1 1 1 1 1 1 1 1 1 1 1 1 1 1 1 1 1 1 1 1 1 1 1 1 1 1 1 1 1 1 1 1 1 1 1 1 1 1 1 1 1 1 1 1 1 1 1 1 1 1 1 1 1 1 1 1 1 1 1 1 1 1 1 1
319 320 321 330 312 331 321 322 323 324 321 330 312 331 321 325 326 324 321 322 323 324 321 330 312 331 321 330 312 331 321 322 323 324 321 330 312 331 321 325 326 324 321 330 312 331 321 330 312 331 321 322 323 324 321 325 326 324 321 319 327 328 329 329 171 172 194 195 287 195 199 190 286 190 190 190 286 190 190 190 286 190 190 190 176 176 189 190 286 190 198 195 287 195 171 172 1 1 1 1 1 1 1 1 1 1 1 1 1 1 1 1 1 1 1 1 1 1 1 1 1 1 1 1 1 1 1 1 1 1 1 1 1 1 1 1 1 1 1 1 1 1 1 1 1 1 1 1 1 1 1 1 1 1 1 1 1 1 1 1 1 1 1 1 1 1 1 1 1 1 1 1 1 1 1 1 1 1 1 1 1 1 1 1 1 1 1 1 1 1 1 1
319 320 321 321 321 321 321 330 312 331 321 321 321 321 321 325 326 324 321 330 312 331 321 321 321 321 321 321 321 321 321 330 312 331 321 321 321 321 321 325 326 324 321 321 321 321 321 321 321 321 321 330 312 331 321 325 326 324 321 319 313 328 329 329 172 176 194 195 298 195 195 195 287 195 195 195 287 195 195 195 287 195 195 195 176 176 194 195 287 195 195 195 298 195 176 171 1 1 1 1 1 1 1 1 1 1 1 1 1 1 1 1 1 1 1 1 1 1 1 1 1 1 1 1 1 1 1 1 1 1 1 1 1 1 1 1 1 1 1 1 1 1 1 1 1 1 1 1 1 1 1 1 1 1 1 1 1 1 1 1 1 1 1 1 1 1 1 1 1 1 1 1 1 1 1 1 1 1 1 1 1 1 1 1 1 1 1 1 1 1 1 1
310 311 321 321 321 321 321 321 321 321 321 321 321 321 321 322 323 324 321 321 321 321 321 321 321 321 321 321 321 321 321 321 321 321 321 321 321 321 321 322 323 324 321 321 321 321 321 321 321 321 321 321 321 321 321 322 323 324 321 319 332 328 329 329 171 172 171 172 171 172 196 195 287 195 195 195 287 195 195 195 287 195 195 195 176 176 194 195 287 195 171 172 171 172 171 172 1 1 1 1 1 1 1 1 1 1 1 1 1 1 1 1 1 1 1 1 1 1 1 1 1 1 1 1 1 1 1 1 1 1 1 1 1 1 1 1 1 1 1 1 1 1 1 1 1 1 1 1 1 1 1 1 1 1 1 1 1 1 1 1 1 1 1 1 1 1 1 1 1 1 1 1 1 1 1 1 1 1 1 1 1 1 1 1 1 1 1 1 1 1 1 1
319 320 321 321 321 321 321 321 321 321 321 321 321 321 321 330 312 331 321 321 321 321 321 321 321 321 321 321 321 321 321 321 321 321 321 321 321 321 321 330 312 331 321 321 321 321 321 321 321 321 321 321 321 321 321 330 312 331 321 319 333 328 329 329 172 176 176 171 172 176 194 195 287 195 195 195 287 195 195 195 287 195 195 195 176 176 194 195 287 195 176 171 172 176 176 171 1 1 1 1 1 1 1 1 1 1 1 1 1 1 1 1 1 1 1 1 1 1 1 1 1 1 1 1 1 1 1 1 1 1 1 1 1 1 1 1 1 1 1 1 1 1 1 1 1 1 1 1 1 1 1 1 1 1 1 1 1 1 1 1 1 1 1 1 1 1 1 1 1 1 1 1 1 1 1 1 1 1 1 1 1 1 1 1 1 1 1 1 1 1 1 1
319 320 334 335 336 337 337 337 337 337 337 337 337 337 337 337 337 337 337 337 337 337 337 337 337 337 337 337 337 337 337 337 337 337 337 337 337 337 337 337 337 337 337 337 337 337 337 337 337 337 337 337 337 337 337 337 337 337 337 319 338 328 329 329 171 172 138 139 189 190 198 195 287 195 195 195 287 195 195 195 287 195 195 195 176 176 194 195 287 195 199 190 67 68 171 172 1 1 1 1 1 1 1 1 1 1 1 1 1 1 1 1 1 1 1 1 1 1 1 1 1 1 1 1 1 1 1 1 1 1 1 1 1 1 1 1 1 1 1 1 1 1 1 1 1 1 1 1 1 1 1 1 1 1 1 1 1 1 1 1 1 1 1 1 1 1 1 1 1 1 1 1 1 1 1 1 1 1 1 1 1 1 1 1 1 1 1 1 1 1 1 1
319 320 339 108 340 108 341 341 341 341 341 341 341 341 341 341 341 341 341 108 108 108 108 108 108 341 341 341 341 341 341 108 108 108 108 108 108 341 341 341 341 341 341 108 108 108 108 108 108 341 341 341 341 341 341 341 341 341 341 342 343 344 345 345 172 176 140 141 194 195 195 195 298 195 195 195 287 195 195 195 298 195 195 195 145 145 194 195 298 195 195 195 80 81 176 171 1 1 1 1 1 1 1 1 1 1 1 1 1 1 1 1 1 1 1 1 1 1 1 1 1 1 1 1 1 1 1 1 1 1 1 1 1 1 1 1 1 1 1 1 1 1 1 1 1 1 1 1 1 1 1 1 1 1 1 1 1 1 1 1 1 1 1 1 1 1 1 1 1 1 1 1 1 1 1 1 1 1 1 1 1 1 1 1 1 1 1 1 1 1 1 1
346 347 348 349 346 347 348 349 346 347 348 349 346 347 348 349 346 347 348 350 108 108 108 108 351 347 348 349 346 347 348 350 108 108 108 108 351 347 348 349 346 347 348 350 108 108 108 108 351 347 348 349 346 347 348 349 346 347 348 349 346 347 348 349 171 172 171 172 171 172 171 172 171 172 196 195 287 195 171 172 171 172 171 172 171 172 171 172 171 172 171 172 171 172 171 172 1 1 1 1 1 1 1 1 1 1 1 1 1 1 1 1 1 1 1 1 1 1 1 1 1 1 1 1 1 1 1 1 1 1 1 1 1 1 1 1 1 1 1 1 1 1 1 1 1 1 1 1 1 1 1 1 1 1 1 1 1 1 1 1 1 1 1 1 1 1 1 1 1 1 1 1 1 1 1 1 1 1 1 1 1 1 1 1 1 1 1 1 1 1 1 1
352 353 354 108 352 353 354 108 352 353 354 108 352 353 354 108 352 353 354 108 108 108 108 108 352 353 354 108 352 353 354 108 108 108 108 108 352 353 354 108 352 353 354 108 108 108 108 108 352 353 354 108 352 353 354 108 352 353 354 108 352 353 354 108 172 176 176 171 172 176 176 171 172 176 194 195 287 195 176 171 172 176 176 171 172 176 176 171 172 176 176 171 172 176 176 171 1 1 1 1 1 1 1 1 1 1 1 1 1 1 1 1 1 1 1 1 1 1 1 1 1 1 1 1 1 1 1 1 1 1 1 1 1 1 1 1 1 1 1 1 1 1 1 1 1 1 1 1 1 1 1 1 1 1 1 1 1 1 1 1 1 1 1 1 1 1 1 1 1 1 1 1 1 1 1 1 1 1 1 1 1 1 1 1 1 1 1 1 1 1 1 1
108 355 108 108 108 355 108 108 108 355 108 108 108 355 108 108 108 355 108 108 108 108 108 108 108 355 108 108 108 355 108 108 108 108 108 108 108 355 108 108 108 355 108 108 108 108 108 108 108 355 108 108 108 355 108 108 108 355 108 108 108 355 108 108 171 172 189 190 286 190 190 190 286 190 198 195 287 195 199 190 286 190 190 190 286 190 190 190 286 190 190 190 286 190 171 172 1 1 1 1 1 1 1 1 1 1 1 1 1 1 1 1 1 1 1 1 1 1 1 1 1 1 1 1 1 1 1 1 1 1 1 1 1 1 1 1 1 1 1 1 1 1 1 1 1 1 1 1 1 1 1 1 1 1 1 1 1 1 1 1 1 1 1 1 1 1 1 1 1 1 1 1 1 1 1 1 1 1 1 1 1 1 1 1 1 1 1 1 1 1 1 1
356 357 356 356 356 357 356 356 356 357 356 356 356 357 356 356 356 357 356 356 356 356 356 356 356 357 356 356 356 357 356 356 356 356 356 356 356 357 356 356 356 357 356 356 356 356 356 356 356 357 356 356 356 357 356 356 356 357 356 356 356 357 356 356 172 176 194 195 287 195 195 195 287 195 195 195 298 195 195 195 287 195 195 195 287 195 195 195 287 195 195 195 287 195 176 171 1 1 1 1 1 1 1 1 1 1 1 1 1 1 1 1 1 1 1 1 1 1 1 1 1 1 1 1 1 1 1 1 1 1 1 1 1 1 1 1 1 1 1 1 1 1 1 1 1 1 1 1 1 1 1 1 1 1 1 1 1 1 1 1 1 1 1 1 1 1 1 1 1 1 1 1 1 1 1 1 1 1 1 1 1 1 1 1 1 1 1 1 1 1 1 1
168 168 168 168 168 168 168 168 168 168 168 168 168 168 168 168 168 168 168 168 168 168 168 168 168 168 168 168 168 168 168 168 168 168 168 168 168 168 168 168 168 168 168 168 168 168 168 168 168 168 168 168 168 168 168 168 168 168 168 168 168 168 168 168 171 172 171 172 171 172 171 172 171 172 171 172 171 172 171 172 171 172 171 172 171 172 171 172 171 172 171 172 171 172 171 172 1 1 1 1 1 1 1 1 1 1 1 1 1 1 1 1 1 1 1 1 1 1 1 1 1 1 1 1 1 1 1 1 1 1 1 1 1 1 1 1 1 1 1 1 1 1 1 1 1 1 1 1 1 1 1 1 1 1 1 1 1 1 1 1 1 1 1 1 1 1 1 1 1 1 1 1 1 1 1 1 1 1 1 1 1 1 1 1 1 1 1 1 1 1 1 1
