128 128 16 16 58 9
1 2 3 4 4 4 4 4 4 4 4 4 4 4 4 4 4 4 4 4 4 4 4 4 4 4 4 4 4 5 1 2 1 2 3 4 4 4 4 4 4 4 4 4 4 4 4 4 4 4 4 4 4 4 4 4 4 4 4 4 4 5 1 2 1 2 3 4 4 4 4 4 4 4 4 4 4 4 4 4 4 4 4 4 4 4 4 4 4 4 4 4 4 4 4 4 4 4 4 4 4 4 4 4 4 4 4 4 4 4 4 4 4 4 4 4 4 4 4 4 4 4 4 4 4 4 1 2
6 7 3 4 4 4 4 4 4 4 5 8 8 4 4 4 4 4 5 8 8 4 4 4 4 4 4 4 4 9 6 7 6 7 3 4 4 4 5 8 8 4 4 4 4 4 4 4 4 4 4 4 4 4 4 4 4 4 4 4 4 9 6 7 6 7 3 4 4 4 5 8 8 4 4 4 4 4 4 4 4 4 4 4 4 4 4 4 4 4 4 4 4 4 4 4 4 4 4 4 4 4 4 4 4 4 4 4 4 4 4 4 4 4 4 4 4 4 4 4 4 4 4 4 4 4 6 7
1 2 10 11 10 11 10 11 10 11 12 13 13 11 10 11 10 11 12 13 13 11 10 11 10 11 10 11 10 14 1 2 1 2 10 11 10 11 12 13 13 11 10 11 10 11 10 11 10 11 10 11 10 11 10 11 10 11 10 11 10 14 1 2 1 2 15 15 15 15 12 13 13 11 10 11 10 11 10 11 10 11 10 11 10 11 10 11 10 11 10 11 10 11 10 11 10 11 10 11 10 11 10 11 10 11 10 11 10 11 10 11 10 11 10 11 10 11 10 11 10 11 10 11 10 14 1 2
6 7 11 10 11 10 11 10 11 10 16 13 13 10 11 10 11 10 16 13 13 10 11 10 11 10 11 10 11 17 6 7 6 7 11 10 11 10 16 13 13 10 11 10 11 10 11 10 11 10 11 10 11 10 11 10 11 10 11 10 11 17 6 7 6 7 15 10 11 15 16 13 13 10 11 10 11 10 11 10 11 10 11 10 11 10 11 10 11 10 11 10 11 10 11 10 11 10 11 10 11 10 11 10 11 10 11 10 11 10 11 10 11 10 11 10 11 10 11 10 11 10 11 10 11 17 6 7
1 2 10 11 10 11 10 11 10 11 12 13 13 11 10 11 10 11 12 13 13 11 10 11 10 11 10 11 10 14 1 2 1 2 10 11 10 11 12 13 13 11 10 11 10 11 10 11 10 11 10 11 10 11 10 11 10 11 10 11 10 14 1 2 1 2 15 11 10 15 12 13 13 11 10 11 10 11 10 11 10 11 10 11 10 11 10 11 10 11 10 11 10 11 10 11 10 11 10 11 10 11 10 11 10 11 10 11 10 11 10 11 10 11 10 11 10 11 10 18 18 11 10 11 10 14 1 2
6 7 11 10 11 10 11 10 11 10 16 13 13 10 11 10 11 10 16 13 13 10 11 10 11 10 11 10 11 17 19 20 20 21 11 10 11 10 16 13 13 10 11 10 11 10 11 10 11 10 11 10 11 10 11 10 11 10 11 10 11 17 6 7 6 7 15 15 15 15 16 13 13 10 11 10 11 10 11 10 11 10 11 10 11 10 11 10 11 10 11 10 11 10 11 10 11 10 11 10 11 10 11 10 11 10 11 10 11 10 11 10 11 10 11 10 11 10 16 13 13 10 11 10 11 17 6 7
1 2 10 22 23 24 10 18 18 11 12 25 25 11 10 18 18 11 12 25 25 11 10 18 18 11 10 11 10 14 26 20 20 27 10 11 10 11 12 13 13 11 10 11 10 11 10 11 10 11 10 11 10 11 10 11 10 11 10 11 10 14 1 2 1 2 10 11 10 11 12 13 13 11 10 28 29 29 29 29 29 29 29 29 29 29 29 29 29 29 29 29 29 29 29 29 29 29 29 29 29 29 29 29 29 29 29 29 29 29 29 29 30 11 10 18 18 11 12 13 13 11 10 11 10 14 1 2
6 7 11 31 32 33 16 13 13 10 16 34 34 10 16 13 13 10 16 34 34 10 16 13 13 10 11 10 11 35 6 7 6 7 36 10 11 10 16 13 13 10 11 10 11 10 11 10 11 10 11 10 11 10 11 10 11 10 11 10 11 17 6 7 6 7 11 10 11 10 16 13 13 10 16 8 28 29 29 29 29 29 29 29 29 29 29 29 29 29 29 29 29 29 29 29 29 29 29 29 29 29 29 29 29 29 29 29 29 29 29 30 8 10 16 13 13 10 16 13 13 10 11 10 11 17 6 7
1 2 10 37 38 39 12 13 13 11 10 11 10 11 12 13 13 11 10 11 10 11 12 13 13 11 10 11 10 35 1 2 1 2 36 11 10 11 12 13 13 11 10 11 10 11 10 18 18 11 10 11 10 11 10 11 10 11 10 11 10 14 1 2 1 2 10 11 10 11 12 13 13 11 12 13 8 40 41 41 41 41 41 41 41 41 41 41 41 41 41 41 41 41 41 41 41 41 41 41 41 41 41 41 41 41 41 41 41 41 42 8 13 11 12 13 13 11 12 13 13 11 10 11 10 14 1 2
6 7 11 10 11 10 16 13 13 10 11 10 11 10 16 13 13 10 11 10 11 10 16 13 13 10 11 10 11 17 6 7 6 7 11 10 11 10 16 13 13 10 11 10 11 10 16 13 13 10 11 10 11 10 11 10 11 10 11 10 11 17 6 7 6 7 11 10 11 10 16 13 13 10 16 13 13 10 11 10 11 10 11 10 11 10 11 10 11 10 11 10 11 10 11 10 11 10 11 10 11 10 11 10 11 10 11 10 11 10 16 13 13 10 16 13 13 10 16 13 13 10 11 10 11 17 6 7
1 2 10 11 10 11 12 13 13 11 10 11 10 11 12 13 13 11 10 11 10 11 12 13 13 11 10 11 10 14 1 2 1 2 10 11 10 11 12 13 13 11 10 11 10 11 12 13 13 11 10 11 10 11 10 11 10 11 10 11 10 14 1 2 1 2 10 11 10 11 12 13 13 11 12 13 13 11 10 28 29 29 29 29 29 29 29 29 29 29 29 29 29 29 29 29 29 29 29 29 29 29 29 29 29 29 29 29 30 11 12 13 13 11 12 13 13 11 12 13 13 11 10 11 10 14 1 2
6 7 11 10 11 10 16 13 13 10 11 10 11 10 16 13 13 10 11 10 11 10 16 13 13 10 11 10 11 17 6 7 6 7 11 10 11 10 16 13 13 10 11 10 11 10 16 13 13 10 11 10 11 10 11 10 11 10 11 10 11 17 6 7 6 7 11 10 11 10 16 13 13 10 16 13 13 10 16 8 28 29 29 29 29 29 29 29 29 29 29 29 29 29 29 29 29 29 29 29 29 29 29 29 29 29 29 30 8 10 16 13 13 10 16 13 13 10 16 13 13 10 11 10 11 17 6 7
1 2 1 2 1 2 1 2 1 2 1 2 1 2 1 2 1 2 1 2 1 2 1 2 1 2 1 2 1 2 1 2 1 2 10 11 10 11 12 13 13 11 10 11 10 11 12 13 13 11 10 11 10 11 10 11 10 11 10 11 10 14 1 2 1 2 10 11 10 11 12 13 13 11 12 13 13 11 12 13 8 40 41 41 41 41 41 41 41 41 41 41 41 41 41 41 41 41 41 41 41 41 41 41 41 41 42 8 13 11 12 13 13 11 12 13 13 11 12 13 13 11 10 11 10 14 1 2
6 7 6 7 6 7 6 7 6 7 6 7 6 7 6 7 6 7 6 7 6 7 6 7 6 7 6 7 6 7 6 7 6 7 11 10 11 10 16 13 13 10 11 10 11 10 16 13 13 10 11 10 11 10 11 10 11 10 11 10 11 17 6 7 6 7 11 10 11 10 16 13 13 10 16 13 13 10 16 13 13 10 11 10 11 10 11 10 11 10 11 10 11 10 11 10 11 10 11 10 11 10 11 10 11 10 16 13 13 10 16 13 13 10 16 13 13 10 16 13 13 10 11 10 11 17 6 7
1 2 1 2 1 2 1 2 1 2 1 2 1 2 1 2 1 2 1 2 1 2 1 2 1 2 1 2 1 2 1 2 1 2 10 11 10 11 12 13 13 11 10 11 10 11 12 13 13 11 10 11 10 11 10 11 10 11 10 11 10 14 1 2 1 2 10 11 10 11 12 13 13 11 12 13 13 11 12 13 13 11 10 28 29 29 29 29 29 29 29 29 29 29 29 29 29 29 29 29 29 29 29 29 30 11 12 13 13 11 12 13 13 11 12 13 13 11 12 13 13 11 10 11 10 14 1 2
6 7 6 7 6 7 6 7 6 7 6 7 6 7 6 7 6 7 6 7 6 7 6 7 6 7 6 7 6 7 6 7 6 7 11 10 11 10 16 13 13 10 11 10 11 10 16 13 13 10 11 10 11 10 11 10 11 10 11 10 11 17 6 7 6 7 11 10 11 10 16 13 13 10 16 13 13 10 16 13 13 10 16 8 28 29 29 29 29 29 29 29 29 29 29 29 29 29 29 29 29 29 29 30 8 10 16 13 13 10 16 13 13 10 16 13 13 10 16 13 13 10 11 10 11 17 6 7
1 2 3 4 4 4 4 4 4 4 4 4 4 4 4 4 4 4 4 4 4 4 4 4 4 4 4 4 4 5 1 2 1 2 10 11 10 11 12 13 13 11 10 11 10 11 12 13 13 11 10 11 10 11 10 11 10 11 10 11 10 14 1 2 1 2 10 11 10 11 12 13 13 11 12 13 13 11 12 13 13 11 12 13 8 40 41 41 41 41 41 41 41 41 41 41 41 41 41 41 41 41 42 8 13 11 12 13 13 11 12 13 13 11 12 13 13 11 12 13 13 11 10 11 10 14 1 2
6 7 3 4 4 4 4 4 4 4 4 4 4 4 4 4 4 4 4 4 4 4 4 4 4 4 4 4 4 9 6 7 6 7 11 10 11 10 16 13 13 10 11 10 11 10 16 13 13 10 11 10 11 10 11 10 11 10 11 10 11 17 6 7 6 7 11 10 11 10 16 13 13 10 16 13 13 10 16 13 13 10 16 13 13 10 11 10 11 10 11 10 11 10 11 10 11 10 11 10 11 10 16 13 13 10 16 13 13 10 16 13 13 10 16 13 13 10 16 13 13 10 11 10 11 17 6 7
1 2 10 11 15 11 10 11 15 11 10 11 15 11 10 11 15 11 10 11 15 11 10 11 15 11 10 11 15 14 1 2 1 2 10 11 10 11 12 13 13 11 10 11 10 11 12 13 13 11 10 11 10 11 10 11 10 11 10 11 10 14 1 2 1 2 10 11 10 11 12 13 13 11 12 13 13 11 12 13 13 11 12 13 13 11 10 28 29 29 29 29 29 29 29 29 29 29 29 29 30 11 12 13 13 11 12 13 13 11 12 13 13 11 12 13 13 11 12 13 13 11 10 11 10 14 1 2
6 7 11 15 11 10 11 15 11 10 11 15 11 10 11 15 11 10 11 15 11 10 11 15 11 10 11 15 11 17 6 7 6 7 11 10 11 10 16 13 13 10 11 10 11 10 16 13 13 10 11 10 11 10 11 10 11 10 11 10 11 17 6 7 6 7 11 10 11 10 16 13 13 10 16 13 13 10 16 13 13 10 16 13 13 10 16 8 28 29 29 29 29 29 29 29 29 29 29 30 8 10 16 13 13 10 16 13 13 10 16 13 13 10 16 13 13 10 16 13 13 10 11 10 11 17 6 7
1 2 15 11 10 11 15 11 10 11 15 11 10 11 15 11 10 11 15 11 10 11 15 11 10 11 15 11 10 14 1 2 1 2 10 11 10 11 12 13 13 11 10 11 10 11 12 13 13 11 10 11 10 11 10 11 10 11 10 11 10 14 1 2 1 2 10 11 10 11 12 13 13 11 12 13 13 11 12 13 13 11 12 13 13 11 12 13 8 40 41 41 41 41 41 41 41 41 42 8 13 11 12 13 13 11 12 13 13 11 12 13 13 11 12 13 13 11 12 13 13 11 10 11 10 14 1 2
6 7 11 10 11 15 11 10 11 15 11 10 11 15 11 10 11 15 11 10 11 15 11 10 11 15 11 10 11 15 6 7 6 7 11 10 11 10 16 13 13 10 11 10 11 10 16 13 13 10 11 10 11 10 11 10 11 10 11 10 11 17 6 7 6 7 11 10 11 10 16 13 13 10 16 13 13 10 16 13 13 10 16 13 13 10 16 13 13 10 11 10 11 10 11 10 11 10 16 13 13 10 16 13 13 10 16 13 13 10 16 13 13 10 16 13 13 10 16 13 13 10 11 10 11 17 6 7
1 2 10 22 23 24 10 11 15 11 10 11 15 11 10 11 15 11 10 11 15 11 10 11 15 11 10 11 15 14 1 2 1 2 10 11 10 11 12 25 25 11 10 11 10 11 12 13 13 11 10 11 10 11 15 15 15 15 10 11 10 14 1 2 1 2 10 11 10 11 12 13 13 11 12 13 13 11 12 13 13 11 12 13 13 11 12 13 13 11 10 18 18 11 10 22 23 24 12 13 13 11 12 13 13 11 12 13 13 11 12 13 13 11 12 13 13 11 12 13 13 11 10 11 10 14 1 2
6 7 11 31 32 33 11 15 11 10 11 15 11 10 11 15 11 10 11 15 11 10 11 15 11 10 11 15 11 17 6 7 6 7 11 10 11 10 16 34 34 10 11 10 11 10 16 13 13 10 11 10 11 10 15 10 11 15 11 10 11 17 6 7 6 7 11 10 11 10 16 13 13 10 16 13 13 10 16 13 13 10 16 13 13 10 16 13 13 10 16 13 13 10 11 31 32 33 16 13 13 10 16 13 13 10 16 13 13 10 16 13 13 10 16 13 13 10 16 13 13 10 11 10 11 17 6 7
1 2 15 37 38 39 15 11 10 11 15 11 10 11 15 11 10 11 15 11 10 11 15 11 10 11 15 11 10 14 1 2 1 2 10 11 10 11 10 11 10 11 10 11 10 11 12 13 13 11 10 11 10 11 15 11 10 15 10 11 10 14 1 2 1 2 10 11 10 11 12 13 13 11 12 13 13 11 12 13 13 11 12 13 13 11 12 13 13 11 12 13 13 11 10 37 38 39 12 13 13 11 12 13 13 11 12 13 13 11 12 13 13 11 12 13 13 11 12 13 13 11 10 11 10 14 1 2
6 7 11 10 11 15 11 10 11 15 11 10 11 15 11 10 11 15 11 10 11 15 11 10 11 15 11 10 11 15 6 7 6 7 11 10 11 10 11 10 11 10 11 10 11 10 16 13 13 10 11 10 11 10 15 15 15 15 11 10 11 17 6 7 6 7 11 10 11 10 16 13 13 10 16 13 13 10 16 13 13 10 16 13 13 10 16 13 13 10 16 13 13 10 11 10 11 10 16 13 13 10 16 13 13 10 16 13 13 10 16 13 13 10 16 13 13 10 16 13 13 10 11 10 11 17 6 7
1 2 10 11 15 11 10 11 15 11 10 11 15 11 10 11 15 11 10 11 15 11 10 11 15 11 10 11 15 14 1 2 1 2 10 11 10 11 10 11 10 11 10 11 10 11 12 13 13 11 10 11 10 11 10 11 10 11 10 11 10 14 1 2 1 2 10 11 10 11 12 13 13 11 12 13 13 11 12 13 13 11 12 13 13 11 12 13 13 11 12 13 25 28 29 29 29 29 30 25 13 11 12 13 13 11 12 13 13 11 12 13 13 11 12 13 13 11 12 13 13 11 10 11 10 14 1 2
6 7 11 15 11 10 11 15 11 10 11 15 11 10 11 15 11 10 11 15 11 10 11 15 11 10 11 15 11 17 6 7 6 7 11 10 11 10 11 10 11 10 11 10 11 10 16 13 13 10 11 10 11 10 11 10 11 10 11 10 11 17 6 7 6 7 11 10 11 10 16 13 13 10 16 13 13 10 16 13 13 10 16 13 13 10 16 13 13 10 16 25 28 29 29 29 29 29 29 30 25 10 16 13 13 10 16 13 13 10 16 13 13 10 16 13 13 10 16 13 13 10 11 10 11 17 6 7
1 2 15 11 10 11 15 11 10 11 15 11 10 11 15 11 10 11 15 11 10 11 15 11 10 11 15 11 10 14 1 2 1 2 1 2 1 2 1 2 1 2 1 2 1 2 1 2 1 2 1 2 1 2 1 2 1 2 1 2 1 2 1 2 1 2 10 11 10 11 12 13 13 11 12 13 13 11 12 13 13 11 12 13 13 11 12 13 13 11 12 34 40 41 41 41 41 41 41 43 34 11 12 13 13 11 12 13 13 11 12 13 13 11 12 13 13 11 12 13 13 11 10 11 10 14 1 2
6 7 11 10 11 15 11 10 11 15 11 10 11 15 11 10 11 15 11 10 11 15 11 10 11 15 11 10 11 15 6 7 6 7 6 7 6 7 6 7 6 7 6 7 6 7 6 7 6 7 6 7 6 7 6 7 6 7 6 7 6 7 6 7 6 7 11 10 11 10 16 13 13 10 16 13 13 10 16 13 13 10 16 13 13 10 16 13 13 10 11 10 11 10 11 10 11 10 11 10 11 10 16 13 13 10 16 13 13 10 16 13 13 10 16 13 13 10 16 13 13 10 11 10 11 17 6 7
1 2 10 11 15 11 10 11 15 11 10 11 15 11 10 11 15 11 10 11 15 11 10 11 15 11 10 11 15 14 1 2 1 2 1 2 1 2 1 2 1 2 1 2 1 2 1 2 1 2 1 2 1 2 1 2 1 2 1 2 1 2 1 2 1 2 10 11 10 11 12 13 13 11 12 13 13 11 12 13 13 11 12 13 13 11 12 13 25 28 29 29 29 29 29 29 29 29 29 29 29 29 30 25 13 11 12 13 13 11 12 13 13 11 12 13 13 11 12 13 13 11 10 11 10 14 1 2
6 7 11 15 11 10 11 15 11 10 11 15 11 10 11 15 11 10 11 15 11 10 11 15 11 10 11 15 11 17 6 7 6 7 6 7 6 7 6 7 6 7 6 7 6 7 6 7 6 7 6 7 6 7 6 7 6 7 6 7 6 7 6 7 6 7 11 10 11 10 16 13 13 10 16 13 13 10 16 13 13 10 16 13 13 10 16 25 28 29 29 29 29 29 29 29 29 29 29 29 29 29 29 30 25 10 16 13 13 10 16 13 13 10 16 13 13 10 16 13 13 10 11 10 11 17 6 7
1 2 15 11 10 11 15 11 10 11 15 11 10 11 15 11 10 11 15 11 10 11 15 11 10 11 15 11 10 14 1 2 1 2 3 4 4 4 4 4 4 4 4 4 4 5 1 2 1 2 3 4 4 4 4 4 4 4 4 4 4 5 1 2 1 2 10 11 10 11 12 13 13 11 12 13 13 11 12 13 13 11 12 13 13 11 12 34 40 41 41 41 41 41 41 41 41 41 41 41 41 41 41 43 34 11 12 13 13 11 12 13 13 11 12 13 13 11 12 13 13 11 10 11 10 14 1 2
6 7 11 10 11 15 11 10 11 15 11 10 11 15 11 10 11 15 11 10 11 15 11 10 11 15 11 10 11 15 6 7 6 7 3 4 4 4 4 4 4 4 4 4 4 9 6 7 6 7 3 4 4 4 4 4 4 4 4 4 4 9 6 7 6 7 11 10 11 10 16 13 13 10 16 13 13 10 16 13 13 10 16 13 13 10 11 10 11 10 11 10 11 10 11 10 11 10 11 10 11 10 11 10 11 10 16 13 13 10 16 13 13 10 16 13 13 10 16 13 13 10 11 10 11 17 6 7
1 2 10 11 15 11 10 11 15 11 10 11 15 11 10 11 15 11 10 11 15 11 10 11 15 11 10 11 15 14 1 2 1 2 44 44 44 44 44 44 44 44 44 44 44 45 1 2 1 2 10 11 10 11 10 11 10 11 10 11 10 14 1 2 1 2 10 11 10 11 12 13 13 11 12 13 13 11 12 13 13 11 12 13 25 28 29 29 29 29 29 29 29 29 29 29 29 29 29 29 29 29 29 29 29 29 30 25 13 11 12 13 13 11 12 13 13 11 12 13 13 11 10 11 10 14 1 2
6 7 11 15 11 10 11 15 11 10 11 15 11 10 11 15 11 10 11 15 11 10 11 15 11 10 11 15 11 17 6 7 6 7 46 46 46 46 15 15 15 15 46 46 46 47 6 7 6 7 11 10 11 10 11 10 11 10 11 10 11 17 6 7 6 7 11 10 11 10 16 13 13 10 16 13 13 10 16 13 13 10 16 25 28 29 29 29 29 29 29 29 29 29 29 29 29 29 29 29 29 29 29 29 29 29 29 30 25 10 16 13 13 10 16 13 13 10 16 13 13 10 11 10 11 17 6 7
1 2 15 11 10 11 15 11 10 11 15 11 10 11 15 11 10 11 15 11 10 11 15 11 10 11 15 11 10 14 1 2 1 2 46 46 46 15 15 36 36 15 15 46 46 47 1 2 1 2 10 11 10 11 10 11 10 11 10 11 10 14 1 2 1 2 10 11 10 11 12 13 13 11 12 13 13 11 12 13 13 11 12 34 40 41 41 41 41 41 41 41 41 41 41 41 41 41 41 41 41 41 41 41 41 41 41 43 34 11 12 13 13 11 12 13 13 11 12 13 13 11 10 11 10 14 1 2
6 7 11 10 11 15 11 10 11 15 11 10 11 15 11 10 11 15 11 10 11 15 11 10 11 15 11 10 11 15 19 20 20 21 46 46 46 15 48 36 36 48 15 46 46 47 6 7 6 7 11 10 11 10 11 10 11 10 11 10 11 17 6 7 6 7 11 10 11 10 16 13 13 10 16 13 13 10 16 13 13 10 11 10 11 10 11 10 11 10 11 10 11 10 11 10 11 10 11 10 11 10 11 10 11 10 11 10 11 10 16 13 13 10 16 13 13 10 16 13 13 10 11 10 11 17 6 7
1 2 10 11 15 11 10 11 15 11 10 11 15 11 10 11 15 11 10 11 15 11 10 11 15 11 10 11 15 14 26 20 20 27 46 46 46 15 48 36 36 48 15 46 46 47 1 2 1 2 10 11 10 11 10 11 10 11 10 11 10 14 1 2 1 2 10 11 10 11 12 13 13 11 12 13 13 11 12 13 25 28 29 29 29 29 29 29 29 29 29 29 29 29 29 29 29 29 29 29 29 29 29 29 29 29 29 29 29 29 30 25 13 11 12 13 13 11 12 13 13 11 10 11 10 14 1 2
6 7 11 15 11 10 11 15 11 10 11 15 11 10 11 15 11 10 11 15 11 10 11 15 11 10 11 15 11 35 6 7 6 7 36 36 36 15 15 36 36 15 15 46 46 47 6 7 6 7 11 10 11 10 11 10 11 10 11 10 11 17 6 7 6 7 11 10 11 10 16 13 13 10 16 13 13 10 16 25 28 29 29 29 29 29 29 29 29 29 29 29 29 29 29 29 29 29 29 29 29 29 29 29 29 29 29 29 29 29 29 30 25 10 16 13 13 10 16 13 13 10 11 10 11 17 6 7
1 2 15 11 10 11 15 11 10 11 15 11 10 11 15 11 10 11 15 11 10 11 15 11 10 11 15 11 10 35 1 2 1 2 36 36 36 44 15 36 36 15 44 46 46 47 1 2 1 2 10 11 10 11 10 11 10 11 10 11 10 14 1 2 1 2 10 11 10 11 12 25 25 11 12 13 13 11 12 34 40 41 41 41 41 41 41 41 41 41 41 41 41 41 41 41 41 41 41 41 41 41 41 41 41 41 41 41 41 41 41 43 34 11 12 13 13 11 12 13 13 11 10 11 10 14 1 2
6 7 11 10 11 15 11 10 11 15 11 10 11 15 11 10 11 15 11 10 11 15 11 10 11 15 11 10 11 15 6 7 6 7 46 36 36 46 44 36 36 44 46 46 46 47 6 7 6 7 11 10 11 10 11 10 11 10 11 10 11 17 6 7 6 7 11 10 11 10 16 34 34 10 16 13 13 10 11 10 11 10 11 10 11 10 11 10 11 10 11 10 11 10 11 10 11 10 11 10 11 10 11 10 11 10 11 10 11 10 11 10 11 10 16 13 13 10 16 13 13 10 11 10 11 17 6 7
1 2 10 11 15 11 10 11 15 11 10 11 15 11 10 11 15 11 10 11 15 11 10 11 15 11 10 11 15 14 1 2 1 2 46 36 36 46 46 36 36 46 46 46 46 47 1 2 1 2 10 11 10 11 10 11 10 11 10 11 10 14 1 2 1 2 10 11 10 11 10 11 10 11 12 13 13 11 10 11 10 11 10 11 10 11 10 11 10 11 10 11 10 11 10 11 10 11 10 11 10 11 10 11 10 11 10 11 10 11 10 11 10 11 12 13 13 11 12 13 13 11 10 11 10 14 1 2
6 7 11 15 11 10 11 15 11 10 11 15 11 10 11 15 11 10 11 15 11 10 11 15 11 10 11 15 11 17 6 7 6 7 46 36 36 46 46 36 36 46 46 46 46 47 6 7 6 7 11 10 11 10 11 10 11 10 11 10 11 17 6 7 6 7 11 10 11 10 11 10 11 10 16 13 13 10 11 10 11 10 11 10 11 10 11 10 11 10 11 10 11 10 11 10 11 10 11 10 11 10 11 10 11 10 11 10 11 10 11 10 11 10 16 13 13 10 16 13 13 10 11 10 11 17 6 7
1 2 1 2 1 2 1 2 1 2 1 2 1 2 1 2 1 2 1 2 1 2 1 2 1 2 1 2 1 2 1 2 1 2 1 2 1 2 1 2 1 2 1 2 1 2 1 2 1 2 1 2 1 2 1 49 50 2 1 2 1 2 1 2 1 2 1 2 1 2 1 2 1 2 1 2 1 2 1 2 1 2 1 2 1 2 1 2 1 2 1 2 1 2 1 2 1 2 1 2 1 2 1 2 1 2 1 2 1 2 1 2 1 2 1 2 1 2 1 2 1 2 1 2 1 2 1 2
6 7 6 7 6 7 6 7 6 7 6 7 6 7 6 7 6 7 6 7 6 7 6 7 6 7 6 7 6 7 6 7 6 7 6 7 6 7 6 7 6 7 6 7 6 7 6 7 6 7 6 7 6 7 6 49 50 7 6 7 6 7 6 7 6 7 6 7 6 7 6 7 6 7 6 7 6 7 6 7 6 7 6 7 6 7 6 7 6 7 6 7 6 7 6 7 6 7 6 7 6 7 6 7 6 7 6 7 6 7 6 7 6 7 6 7 6 7 6 7 6 7 6 7 6 7 6 7
1 2 1 2 1 2 1 2 1 2 1 2 1 2 1 2 1 2 1 2 1 2 1 2 1 2 1 2 1 2 1 2 1 2 1 2 1 2 1 2 1 2 1 2 1 2 1 2 1 2 1 2 1 2 1 49 50 2 1 2 1 2 1 2 1 2 1 2 1 2 1 2 1 2 1 2 1 2 1 2 1 2 1 2 1 2 1 2 1 2 1 2 1 2 1 2 1 2 1 2 1 2 1 2 1 2 1 2 1 2 1 2 1 2 1 2 1 2 1 2 1 2 1 2 1 2 1 2
6 7 6 7 6 7 6 7 6 7 6 7 6 7 6 7 6 7 6 7 6 7 6 7 6 7 6 7 6 7 6 7 6 7 6 7 6 7 6 7 6 7 6 7 6 7 6 7 6 7 6 7 6 7 6 51 52 7 6 7 6 7 6 7 6 7 6 7 6 7 6 7 6 7 6 7 6 7 6 7 6 7 6 7 6 7 6 7 6 7 6 7 6 7 6 7 6 7 6 7 6 7 6 7 6 7 6 7 6 7 6 7 6 7 6 7 6 7 6 7 6 7 6 7 6 7 6 7
1 2 3 4 4 4 4 4 4 4 4 4 4 5 1 2 1 2 3 4 4 4 4 4 4 4 4 4 4 5 1 2 1 2 3 4 4 4 4 4 4 4 4 4 4 5 1 2 1 2 3 4 4 4 4 53 54 4 4 4 4 5 1 2 1 2 3 4 4 4 4 4 4 4 4 4 4 5 1 2 1 2 4 4 4 4 4 4 4 4 4 4 4 5 1 2 1 2 4 4 4 4 4 4 4 4 4 4 4 4 4 4 4 4 4 4 4 4 4 4 4 4 4 4 4 4 1 2
6 7 3 4 4 4 4 4 4 4 4 4 4 9 6 7 6 7 3 4 4 4 4 4 4 4 4 4 4 9 6 7 6 7 3 4 4 4 4 4 4 4 4 4 4 9 6 7 6 7 3 4 4 4 4 55 56 4 4 4 4 9 6 7 6 7 3 4 4 4 4 4 4 4 4 4 4 9 6 7 6 7 5 8 8 4 5 8 8 4 4 4 4 9 6 7 6 7 4 4 4 4 4 4 4 4 4 4 4 4 4 4 4 4 4 4 4 4 4 4 4 4 4 4 4 4 6 7
1 2 44 44 44 44 44 44 44 44 44 44 44 45 1 2 1 2 10 11 10 11 10 11 10 11 10 11 10 14 1 2 1 2 10 11 10 11 10 11 10 11 10 11 10 14 1 2 1 2 44 44 44 44 44 36 36 44 44 44 44 45 1 2 1 2 10 11 10 11 10 11 10 11 10 11 10 14 1 2 1 2 12 13 13 11 12 13 13 11 10 11 10 14 1 2 1 2 57 57 57 57 57 57 57 57 57 57 57 57 57 57 57 57 57 57 57 57 57 57 57 57 57 57 57 57 1 2
6 7 46 46 46 46 46 46 46 46 46 46 46 47 6 7 6 7 11 10 11 10 11 10 11 10 11 10 11 17 6 7 6 7 11 10 11 10 11 10 11 10 11 10 11 17 6 7 6 7 46 46 46 46 46 48 48 46 46 46 46 47 6 7 6 7 11 10 15 10 15 10 11 10 15 10 11 17 6 7 6 7 16 13 13 10 16 13 13 10 11 10 11 17 6 7 6 7 57 57 57 57 57 57 57 57 57 57 57 57 57 57 57 57 57 57 57 57 57 57 57 57 57 57 57 57 6 7
1 2 46 46 48 48 48 48 48 48 48 48 46 47 1 2 1 2 10 11 10 11 10 11 10 11 10 11 10 14 1 2 1 2 10 11 10 11 10 11 10 11 10 11 10 14 1 2 1 2 46 46 46 46 46 48 48 48 48 48 46 47 1 2 1 2 10 11 10 11 10 11 10 11 10 11 10 14 1 2 1 2 12 25 25 11 12 25 25 11 10 11 10 14 1 2 1 2 57 57 57 57 57 57 57 57 57 57 57 57 57 57 57 57 57 57 57 57 57 57 57 57 57 57 57 57 1 2
6 7 46 46 48 48 48 48 48 48 48 48 46 47 19 20 20 21 11 10 11 10 11 10 11 10 11 10 11 17 19 20 20 21 11 10 11 10 11 10 11 10 11 10 11 17 19 20 20 21 46 46 46 46 46 48 48 48 48 48 46 47 6 7 6 7 15 10 11 10 11 10 15 10 15 10 11 17 6 7 6 7 16 34 34 10 16 34 34 10 11 10 11 17 6 7 6 7 57 57 57 57 57 57 57 57 57 57 57 57 57 57 57 57 57 57 57 57 57 57 57 57 57 57 57 57 6 7
1 2 46 46 48 48 44 44 44 44 48 48 46 47 26 20 20 27 10 11 10 11 10 11 10 11 10 11 10 14 26 20 20 27 10 11 10 11 10 11 10 11 10 11 10 14 26 20 20 27 46 46 46 46 46 44 44 44 48 48 46 47 1 2 1 2 10 11 10 11 10 11 10 11 10 11 10 14 1 2 1 2 10 11 10 11 10 11 10 11 10 11 10 14 1 2 1 2 57 57 57 57 57 57 57 57 57 57 57 57 57 57 57 57 57 57 57 57 57 57 57 57 57 57 57 57 1 2
6 7 46 46 48 48 46 46 46 46 48 48 48 35 6 7 6 7 36 10 11 10 11 10 11 10 11 10 11 35 6 7 6 7 36 10 11 10 11 10 11 10 11 10 11 35 6 7 6 7 36 48 46 46 46 46 46 46 48 48 46 47 6 7 6 7 11 10 11 10 15 10 15 10 11 10 11 17 6 7 6 7 11 10 11 10 11 10 11 10 11 10 11 17 6 7 6 7 57 57 57 57 57 57 57 57 57 57 57 57 57 57 57 57 57 57 57 57 57 57 57 57 57 57 57 57 6 7
1 2 46 46 48 48 48 48 48 46 44 48 48 35 1 2 1 2 36 11 10 11 10 11 10 11 10 11 10 35 1 2 1 2 36 11 10 11 10 11 10 11 10 11 10 35 1 2 1 2 36 48 48 48 48 48 48 48 48 48 46 47 1 2 1 2 10 11 10 11 10 11 10 11 10 11 10 14 1 2 1 2 10 11 10 11 10 11 10 11 10 11 10 14 1 2 1 2 57 57 57 57 57 57 57 57 57 57 57 57 57 57 57 57 57 57 57 57 57 57 57 57 57 57 57 57 1 2
6 7 46 46 48 48 48 48 48 46 46 44 44 45 6 7 6 7 11 10 11 10 11 10 11 10 11 10 11 17 6 7 6 7 11 10 11 10 11 10 11 10 11 10 11 17 6 7 6 7 44 44 48 48 48 48 48 48 44 44 46 47 6 7 6 7 11 10 15 10 11 10 11 10 15 10 11 17 6 7 6 7 11 10 11 10 11 10 11 10 11 10 11 17 6 7 6 7 57 57 57 57 57 57 57 57 57 57 57 57 57 57 57 57 57 57 57 57 57 57 57 57 57 57 57 57 6 7
1 2 46 46 44 44 44 48 48 46 46 46 46 47 1 2 1 2 10 11 10 11 10 11 10 11 10 11 10 14 1 2 1 2 10 11 10 11 10 11 10 11 10 11 10 14 1 2 1 2 46 46 44 44 44 44 44 44 46 46 46 47 1 2 1 2 10 11 10 11 10 11 10 11 10 11 10 14 1 2 1 2 28 29 29 29 29 29 29 30 10 11 10 14 1 2 1 2 57 57 57 57 57 57 57 57 57 57 57 57 57 57 57 57 57 57 57 57 57 57 57 57 57 57 57 57 1 2
6 7 46 46 46 46 46 48 48 46 46 46 46 47 6 7 6 7 11 10 11 10 11 10 11 10 11 10 11 17 6 7 6 7 11 10 11 10 11 10 11 10 11 10 11 17 6 7 6 7 46 46 46 46 46 46 46 46 46 46 46 47 6 7 6 7 15 10 11 10 11 10 11 10 15 10 11 17 6 7 6 7 28 29 29 29 29 29 29 30 11 10 11 17 6 7 6 7 57 57 57 57 57 57 57 57 57 57 57 57 57 57 57 57 57 57 57 57 57 57 57 57 57 57 57 57 6 7
1 2 1 2 1 2 1 49 50 2 1 2 1 2 1 2 1 2 1 2 1 2 1 2 1 2 1 2 1 2 1 2 1 2 1 2 1 2 1 49 50 2 1 2 1 2 1 2 1 2 1 2 1 2 1 2 1 2 1 2 1 2 1 2 1 2 1 2 1 2 1 49 50 2 1 2 1 2 1 2 1 2 40 41 41 41 41 41 41 43 10 11 10 14 1 2 1 2 57 57 57 57 57 57 57 57 57 57 57 57 57 57 57 57 57 57 57 57 57 57 57 57 57 57 57 57 1 2
6 7 6 7 6 7 6 49 50 7 6 7 6 7 6 7 6 7 6 7 6 7 6 7 6 7 6 7 6 7 6 7 6 7 6 7 6 7 6 49 50 7 6 7 6 7 6 7 6 7 6 7 6 7 6 7 6 7 6 7 6 7 6 7 6 7 6 7 6 7 6 49 50 7 6 7 6 7 6 7 6 7 11 10 11 10 11 10 11 10 11 10 11 17 6 7 6 7 57 57 57 57 57 57 57 57 57 57 57 57 57 57 57 57 57 57 57 57 57 57 57 57 57 57 57 57 6 7
1 2 1 2 1 2 1 49 50 2 1 2 1 2 1 2 1 2 1 2 1 2 1 2 1 2 1 2 1 2 1 2 1 2 1 2 1 2 1 49 50 2 1 2 1 2 1 2 1 2 1 2 1 2 1 2 1 2 1 2 1 2 1 2 1 2 1 2 1 2 1 49 50 2 1 2 1 2 1 2 1 2 10 11 10 11 10 11 10 11 10 11 10 14 1 2 1 2 57 57 57 57 57 57 57 57 57 57 57 57 57 57 57 57 57 57 57 57 57 57 57 57 57 57 57 57 1 2
6 7 6 7 6 7 6 51 52 7 6 7 6 7 6 7 6 7 6 7 6 7 6 7 6 7 6 7 6 7 6 7 6 7 6 7 6 7 6 51 52 7 6 7 6 7 6 7 6 7 6 7 6 7 6 7 6 7 6 7 6 7 6 7 6 7 6 7 6 7 6 51 52 7 6 7 6 7 6 7 6 7 11 10 11 10 11 10 11 10 11 10 11 17 6 7 6 7 57 57 57 57 57 57 57 57 57 57 57 57 57 57 57 57 57 57 57 57 57 57 57 57 57 57 57 57 6 7
1 2 3 4 4 4 4 53 54 4 4 4 4 5 1 2 1 2 3 4 4 4 4 4 4 4 4 4 4 5 1 2 1 2 3 4 4 4 4 53 54 4 4 4 4 5 1 2 1 2 3 4 4 4 4 4 4 4 4 4 4 5 1 2 1 2 3 4 4 4 4 53 54 4 4 4 4 5 1 2 1 2 10 11 10 11 10 11 10 11 10 11 10 14 1 2 1 2 57 57 57 57 57 57 57 57 57 57 57 57 57 57 57 57 57 57 57 57 57 57 57 57 57 57 57 57 1 2
6 7 3 4 4 4 4 55 56 4 4 4 4 9 6 7 6 7 3 4 4 4 4 4 4 4 4 4 4 9 6 7 6 7 3 4 4 4 4 55 56 4 4 4 4 9 6 7 6 7 3 4 4 4 4 4 4 4 4 4 4 9 6 7 6 7 3 4 4 4 4 55 56 4 4 4 4 9 6 7 6 7 11 10 11 10 11 10 11 10 11 10 11 17 6 7 6 7 57 57 57 57 57 57 57 57 57 57 57 57 57 57 57 57 57 57 57 57 57 57 57 57 57 57 57 57 6 7
1 2 10 11 10 11 10 36 36 11 10 11 10 14 1 2 1 2 10 11 10 11 10 11 10 11 10 11 10 14 1 2 1 2 10 11 10 11 10 36 36 11 10 11 10 14 1 2 1 2 10 11 10 11 10 11 10 11 10 11 10 14 1 2 1 2 44 44 44 44 44 36 36 44 44 44 44 45 1 2 1 2 10 11 10 11 28 29 29 29 29 29 29 58 1 2 1 2 57 57 57 57 57 57 57 57 57 57 57 57 57 57 57 57 57 57 57 57 57 57 57 57 57 57 57 57 1 2
6 7 11 10 11 10 11 10 11 10 11 10 11 17 6 7 6 7 11 10 11 10 11 10 11 10 11 10 11 17 6 7 6 7 11 10 11 10 11 10 11 10 11 10 11 17 6 7 6 7 11 10 11 10 11 10 11 10 11 10 11 17 6 7 6 7 46 46 46 46 46 48 48 46 46 46 46 47 6 7 6 7 11 10 11 12 28 29 29 29 29 29 29 58 6 7 6 7 57 57 57 57 57 57 57 57 57 57 57 57 57 57 57 57 57 57 57 57 57 57 57 57 57 57 57 57 6 7
1 2 10 11 10 11 10 11 10 11 10 11 10 14 1 2 1 2 10 11 10 11 10 11 10 11 10 11 10 14 1 2 1 2 10 11 10 11 10 11 10 11 10 11 10 14 1 2 1 2 10 11 10 11 10 11 10 11 10 11 10 14 1 2 1 2 46 46 46 46 46 48 48 46 46 46 46 47 1 2 1 2 10 11 10 16 40 41 41 41 41 41 41 42 1 2 1 2 57 57 57 57 57 57 57 57 57 57 57 57 57 57 57 57 57 57 57 57 57 57 57 57 57 57 57 57 1 2
6 7 11 10 11 10 11 10 11 10 11 10 11 17 19 20 20 21 11 10 11 10 11 10 11 10 11 10 11 17 6 7 6 7 11 10 11 10 11 10 11 10 11 10 11 17 6 7 6 7 11 10 11 10 11 10 11 10 11 10 11 17 6 7 6 7 46 46 46 46 46 48 48 46 46 46 46 47 6 7 6 7 11 10 11 10 11 10 11 10 11 10 11 17 6 7 6 7 57 57 57 57 57 57 57 57 57 57 57 57 57 57 57 57 57 57 57 57 57 57 57 57 57 57 57 57 6 7
1 2 10 11 10 11 10 11 10 11 10 11 10 14 26 20 20 27 10 11 10 11 10 11 10 11 10 11 10 14 1 2 1 2 28 29 29 29 29 29 29 29 29 29 29 58 1 2 1 2 10 11 10 11 10 11 10 11 10 11 10 14 1 2 1 2 46 46 48 48 48 48 48 48 46 46 46 47 1 2 1 2 10 11 10 11 22 23 24 11 10 11 10 14 1 2 1 2 57 57 57 57 57 57 57 57 57 57 57 57 57 57 57 57 57 57 57 57 57 57 57 57 57 57 57 57 1 2
6 7 11 10 11 10 11 10 11 10 11 10 11 35 6 7 6 7 36 10 11 10 11 10 11 10 11 10 11 17 6 7 6 7 28 29 29 29 29 29 29 29 29 29 29 58 6 7 6 7 11 10 11 10 11 10 11 10 11 10 11 17 6 7 6 7 46 46 48 48 48 48 48 48 46 46 46 47 6 7 6 7 11 10 11 10 31 32 33 10 11 10 11 17 6 7 6 7 57 57 57 57 57 57 57 57 57 57 57 57 57 57 57 57 57 57 57 57 57 57 57 57 57 57 57 57 6 7
1 2 10 11 10 11 10 11 10 11 10 11 10 35 1 2 1 2 36 11 10 11 10 11 10 11 10 11 10 14 1 2 1 2 40 41 41 41 41 41 41 41 41 41 41 42 1 2 1 2 10 11 10 11 10 11 10 11 10 11 10 14 1 2 1 2 46 46 48 48 44 44 44 44 46 46 46 47 1 2 1 2 10 11 10 11 37 38 39 11 10 11 10 14 1 2 1 2 57 57 57 57 57 57 57 57 57 57 57 57 57 57 57 57 57 57 57 57 57 57 57 57 57 57 57 57 1 2
6 7 11 10 11 10 11 10 11 10 11 10 11 17 6 7 6 7 11 10 11 10 11 10 11 10 11 10 11 17 6 7 6 7 11 10 11 10 11 10 11 10 11 10 11 17 6 7 6 7 11 10 11 10 11 10 11 10 11 10 11 17 6 7 6 7 46 46 48 48 46 46 46 46 46 46 46 47 6 7 6 7 11 10 11 10 11 10 11 10 11 10 11 17 6 7 6 7 57 57 57 57 57 57 57 57 57 57 57 57 57 57 57 57 57 57 57 57 57 57 57 57 57 57 57 57 6 7
1 2 10 11 10 11 10 11 10 11 10 11 10 14 1 2 1 2 10 11 10 11 10 11 10 11 10 11 10 14 1 2 1 2 10 11 10 11 10 11 10 11 10 11 10 14 1 2 1 2 10 11 10 11 10 11 10 11 10 11 10 14 1 2 1 2 46 46 48 48 48 48 48 46 46 46 46 47 1 2 1 2 10 11 10 11 10 11 10 11 10 11 10 14 1 2 1 2 57 57 57 57 57 57 57 57 57 57 57 57 57 57 57 57 57 57 57 57 57 57 57 57 57 57 57 57 1 2
6 7 11 10 11 10 11 10 11 10 11 10 11 17 6 7 6 7 11 10 11 10 11 10 11 10 11 10 11 17 6 7 6 7 11 10 11 10 11 10 11 10 11 10 11 17 6 7 6 7 11 10 11 10 11 10 11 10 11 10 11 17 6 7 6 7 46 46 48 48 48 48 48 46 46 46 46 47 6 7 6 7 11 10 11 10 11 10 11 10 11 10 11 17 6 7 6 7 57 57 57 57 57 57 57 57 57 57 57 57 57 57 57 57 57 57 57 57 57 57 57 57 57 57 57 57 6 7
1 2 1 2 1 2 1 2 1 2 1 2 1 2 1 2 1 2 1 2 1 2 1 49 50 2 1 2 1 2 1 2 1 2 1 2 1 2 1 49 50 2 1 2 1 2 1 2 1 2 1 2 1 2 1 49 50 2 1 2 1 2 1 2 1 2 1 2 1 2 1 49 50 2 1 2 1 2 1 2 1 2 1 2 1 2 1 2 1 2 1 2 1 2 1 2 1 2 57 57 57 57 57 57 57 57 57 57 57 57 57 57 57 57 57 57 57 57 57 57 57 57 57 57 57 57 1 2
6 7 6 7 6 7 6 7 6 7 6 7 6 7 6 7 6 7 6 7 6 7 6 49 50 7 6 7 6 7 6 7 6 7 6 7 6 7 6 49 50 7 6 7 6 7 6 7 6 7 6 7 6 7 6 49 50 7 6 7 6 7 6 7 6 7 6 7 6 7 6 49 50 7 6 7 6 7 6 7 6 7 6 7 6 7 6 7 6 7 6 7 6 7 6 7 6 7 57 57 57 57 57 57 57 57 57 57 57 57 57 57 57 57 57 57 57 57 57 57 57 57 57 57 57 57 6 7
1 2 1 2 1 2 1 2 1 2 1 2 1 2 1 2 1 2 1 2 1 2 1 49 50 2 1 2 1 2 1 2 1 2 1 2 1 2 1 49 50 2 1 2 1 2 1 2 1 2 1 2 1 2 1 49 50 2 1 2 1 2 1 2 1 2 1 2 1 2 1 49 50 2 1 2 1 2 1 2 1 2 1 2 1 2 1 2 1 2 1 2 1 2 1 2 1 2 57 57 57 57 57 57 57 57 57 57 57 57 57 57 57 57 57 57 57 57 57 57 57 57 57 57 57 57 1 2
6 7 6 7 6 7 6 7 6 7 6 7 6 7 6 7 6 7 6 7 6 7 6 51 52 7 6 7 6 7 6 7 6 7 6 7 6 7 6 51 52 7 6 7 6 7 6 7 6 7 6 7 6 7 6 51 52 7 6 7 6 7 6 7 6 7 6 7 6 7 6 51 52 7 6 7 6 7 6 7 6 7 6 7 6 7 6 7 6 7 6 7 6 7 6 7 6 7 57 57 57 57 57 57 57 57 57 57 57 57 57 57 57 57 57 57 57 57 57 57 57 57 57 57 57 57 6 7
1 2 3 4 4 4 4 4 4 4 4 4 4 5 1 2 1 2 3 4 4 4 4 53 54 4 4 4 4 5 1 2 1 2 3 4 4 4 4 53 54 4 4 4 4 5 1 2 1 2 3 4 4 4 4 53 54 4 4 4 4 5 1 2 1 2 3 4 4 4 4 53 54 4 4 4 4 5 1 2 1 2 3 4 4 4 4 4 4 4 4 4 4 5 1 2 1 2 57 57 57 57 57 57 57 57 57 57 57 57 57 57 57 57 57 57 57 57 57 57 57 57 57 57 57 57 1 2
6 7 3 4 4 4 4 4 4 4 4 4 4 9 6 7 6 7 3 4 4 4 4 55 56 4 4 4 4 9 6 7 6 7 3 4 4 4 4 55 56 4 4 4 4 9 6 7 6 7 3 4 4 4 4 55 56 4 4 4 4 9 6 7 6 7 3 4 4 4 4 55 56 4 4 4 4 9 6 7 6 7 3 4 4 4 4 4 4 4 4 4 4 9 6 7 6 7 57 57 57 57 57 57 57 57 57 57 57 57 57 57 57 57 57 57 57 57 57 57 57 57 57 57 57 57 6 7
1 2 10 11 10 11 10 11 10 11 10 11 10 14 1 2 1 2 44 44 44 44 44 36 36 44 44 44 44 45 1 2 1 2 10 11 10 11 10 36 36 11 10 11 10 14 1 2 1 2 44 44 44 44 44 36 36 44 44 44 44 45 1 2 1 2 10 11 10 11 10 36 36 11 10 11 10 14 1 2 1 2 10 11 10 11 10 11 10 11 10 11 10 14 1 2 1 2 57 57 57 57 57 57 57 57 57 57 57 57 57 57 57 57 57 57 57 57 57 57 57 57 57 57 57 57 1 2
6 7 11 10 11 10 11 10 11 10 11 10 11 17 6 7 6 7 46 46 46 46 46 48 48 46 46 46 46 47 6 7 6 7 11 10 11 10 11 10 11 10 11 10 11 17 6 7 6 7 46 46 46 46 46 48 48 46 46 46 46 47 6 7 6 7 11 10 11 10 11 10 11 10 11 10 11 17 6 7 6 7 11 10 11 10 11 10 11 10 11 10 11 17 6 7 6 7 57 57 57 57 57 57 57 57 57 57 57 57 57 57 57 57 57 57 57 57 57 57 57 57 57 57 57 57 6 7
1 2 10 11 10 11 10 11 10 11 10 11 10 14 1 2 1 2 46 46 46 46 46 48 48 46 46 46 46 47 1 2 1 2 10 11 10 11 10 11 10 11 10 11 10 14 1 2 1 2 46 46 46 46 46 48 48 46 46 46 46 47 1 2 1 2 10 11 10 11 10 11 10 11 10 11 10 14 1 2 1 2 10 11 10 11 10 11 10 11 10 11 10 14 1 2 1 2 57 57 57 57 57 57 57 57 57 57 57 57 57 57 57 57 57 57 57 57 57 57 57 57 57 57 57 57 1 2
6 7 11 10 11 10 11 10 11 10 11 10 11 17 6 7 6 7 46 46 46 46 46 48 48 46 46 46 46 47 19 20 20 21 11 10 11 10 11 10 11 10 11 10 11 17 19 20 20 21 46 46 46 46 46 48 48 46 46 46 46 47 19 20 20 21 11 10 11 10 11 10 11 10 11 10 11 17 6 7 6 7 11 10 11 10 11 10 11 10 11 10 11 17 6 7 6 7 57 57 57 57 57 57 57 57 57 57 57 57 57 57 57 57 57 57 57 57 57 57 57 57 57 57 57 57 6 7
1 2 10 11 10 11 10 11 10 11 10 11 10 14 1 2 1 2 46 46 46 46 48 48 48 48 46 46 46 47 26 20 20 27 10 11 10 11 10 11 10 11 10 11 10 14 26 20 20 27 46 48 48 48 48 48 48 48 48 48 48 47 26 20 20 27 10 11 10 11 10 11 10 11 10 11 10 14 1 2 1 2 10 11 10 11 10 11 10 11 10 11 10 14 1 2 1 2 57 57 57 57 57 57 57 57 57 57 57 57 57 57 57 57 57 57 57 57 57 57 57 57 57 57 57 57 1 2
6 7 11 10 11 10 11 10 11 10 11 10 11 17 6 7 6 7 46 46 46 46 48 48 48 48 48 48 48 35 6 7 6 7 36 10 11 10 11 10 11 10 11 10 11 35 6 7 6 7 36 48 48 48 48 48 48 48 48 48 48 35 6 7 6 7 36 10 11 10 11 10 11 10 11 10 11 17 6 7 6 7 11 10 11 10 11 10 11 10 11 10 11 17 6 7 6 7 57 57 57 57 57 57 57 57 57 57 57 57 57 57 57 57 57 57 57 57 57 57 57 57 57 57 57 57 6 7
1 2 10 11 10 11 10 11 10 11 10 11 10 14 1 2 1 2 46 46 46 46 48 48 48 48 48 48 48 35 1 2 1 2 36 11 10 11 10 11 10 11 10 11 10 35 1 2 1 2 36 48 48 48 44 44 44 44 48 48 48 35 1 2 1 2 36 11 10 11 10 11 10 11 10 11 10 14 1 2 1 2 10 11 10 11 10 11 10 11 10 11 10 14 1 2 1 2 57 57 57 57 57 57 57 57 57 57 57 57 57 57 57 57 57 57 57 57 57 57 57 57 57 57 57 57 1 2
6 7 11 10 11 10 11 10 11 10 11 10 11 17 6 7 6 7 46 46 46 46 48 48 48 48 44 44 44 45 6 7 6 7 11 10 11 10 11 10 11 10 11 10 11 17 6 7 6 7 44 48 48 48 46 46 46 46 48 48 48 45 6 7 6 7 11 10 11 10 11 10 11 10 11 10 11 17 6 7 6 7 11 10 11 10 11 10 11 10 11 10 11 17 6 7 6 7 57 57 57 57 57 57 57 57 57 57 57 57 57 57 57 57 57 57 57 57 57 57 57 57 57 57 57 57 6 7
1 2 10 11 10 11 10 11 10 11 10 11 10 14 1 2 1 2 46 46 46 46 46 44 44 44 46 46 46 47 1 2 1 2 10 11 10 11 10 11 10 11 10 11 10 14 1 2 1 2 46 44 44 44 46 46 46 46 44 44 44 47 1 2 1 2 10 11 10 11 10 11 10 11 10 11 10 14 1 2 1 2 10 11 10 11 10 11 10 11 10 11 10 14 1 2 1 2 57 57 57 57 57 57 57 57 57 57 57 57 57 57 57 57 57 57 57 57 57 57 57 57 57 57 57 57 1 2
6 7 11 10 11 10 11 10 11 10 11 10 11 17 6 7 6 7 46 46 46 46 46 46 46 46 46 46 46 47 6 7 6 7 11 10 11 10 11 10 11 10 11 10 11 17 6 7 6 7 46 46 46 46 46 46 46 46 46 46 46 47 6 7 6 7 11 10 11 10 11 10 11 10 11 10 11 17 6 7 6 7 11 10 11 10 11 10 11 10 11 10 11 17 6 7 6 7 57 57 57 57 57 57 57 57 57 57 57 57 57 57 57 57 57 57 57 57 57 57 57 57 57 57 57 57 6 7
1 2 1 2 1 2 1 49 50 2 1 2 1 2 1 2 1 2 1 2 1 2 1 2 1 2 1 2 1 2 1 2 1 2 1 2 1 2 1 49 50 2 1 2 1 2 1 2 1 2 1 2 1 2 1 2 1 2 1 2 1 2 1 2 1 2 1 2 1 2 1 2 1 2 1 2 1 2 1 2 1 2 1 2 1 2 1 49 50 2 1 2 1 2 1 2 1 2 57 57 57 57 57 57 57 57 57 57 57 57 57 57 57 57 57 57 57 57 57 57 57 57 57 57 57 57 1 2
6 7 6 7 6 7 6 49 50 7 6 7 6 7 6 7 6 7 6 7 6 7 6 7 6 7 6 7 6 7 6 7 6 7 6 7 6 7 6 49 50 7 6 7 6 7 6 7 6 7 6 7 6 7 6 7 6 7 6 7 6 7 6 7 6 7 6 7 6 7 6 7 6 7 6 7 6 7 6 7 6 7 6 7 6 7 6 49 50 7 6 7 6 7 6 7 6 7 57 57 57 57 57 57 57 57 57 57 57 57 57 57 57 57 57 57 57 57 57 57 57 57 57 57 57 57 6 7
1 2 1 2 1 2 1 49 50 2 1 2 1 2 1 2 1 2 1 2 1 2 1 2 1 2 1 2 1 2 1 2 1 2 1 2 1 2 1 49 50 2 1 2 1 2 1 2 1 2 1 2 1 2 1 2 1 2 1 2 1 2 1 2 1 2 1 2 1 2 1 2 1 2 1 2 1 2 1 2 1 2 1 2 1 2 1 49 50 2 1 2 1 2 1 2 1 2 57 57 57 57 57 57 57 57 57 57 57 57 57 57 57 57 57 57 57 57 57 57 57 57 57 57 57 57 1 2
6 7 6 7 6 7 6 51 52 7 6 7 6 7 6 7 6 7 6 7 6 7 6 7 6 7 6 7 6 7 6 7 6 7 6 7 6 7 6 51 52 7 6 7 6 7 6 7 6 7 6 7 6 7 6 7 6 7 6 7 6 7 6 7 6 7 6 7 6 7 6 7 6 7 6 7 6 7 6 7 6 7 6 7 6 7 6 51 52 7 6 7 6 7 6 7 6 7 57 57 57 57 57 57 57 57 57 57 57 57 57 57 57 57 57 57 57 57 57 57 57 57 57 57 57 57 6 7
1 2 3 4 4 4 4 53 54 4 4 4 4 5 1 2 1 2 3 4 4 4 4 4 4 4 4 4 4 5 1 2 1 2 3 4 4 4 4 53 54 4 4 4 4 5 1 2 1 2 3 4 4 4 4 4 4 4 4 4 4 5 1 2 1 2 3 4 4 4 4 4 4 4 4 4 4 5 1 2 1 2 3 4 4 4 4 53 54 4 4 4 4 5 1 2 1 2 57 57 57 57 57 57 57 57 57 57 57 57 57 57 57 57 57 57 57 57 57 57 57 57 57 57 57 57 1 2
6 7 3 4 4 4 4 55 56 4 4 4 4 9 6 7 6 7 3 4 4 4 4 4 4 4 4 4 4 9 6 7 6 7 3 4 4 4 4 55 56 4 4 4 4 9 6 7 6 7 3 4 4 4 4 4 4 4 4 4 4 9 6 7 6 7 3 4 4 4 4 4 4 4 4 4 4 9 6 7 6 7 3 4 4 4 4 55 56 4 4 4 4 9 6 7 6 7 57 57 57 57 57 57 57 57 57 57 57 57 57 57 57 57 57 57 57 57 57 57 57 57 57 57 57 57 6 7
1 2 44 44 44 44 44 36 36 44 44 44 44 45 1 2 1 2 10 11 10 11 10 11 10 11 10 11 10 14 1 2 1 2 44 44 44 44 44 36 36 44 44 44 44 45 1 2 1 2 10 11 10 11 10 11 10 11 10 11 10 14 1 2 1 2 10 11 10 11 10 11 10 11 10 11 10 14 1 2 1 2 44 44 44 44 44 36 36 48 48 48 44 45 1 2 1 2 57 57 57 57 57 57 57 57 57 57 57 57 57 57 57 57 57 57 57 57 57 57 57 57 57 57 57 57 1 2
6 7 48 48 48 48 48 48 48 46 46 46 46 47 6 7 6 7 11 10 11 10 11 10 11 10 11 10 11 17 6 7 6 7 46 46 46 46 46 48 48 46 46 46 46 47 6 7 6 7 11 10 11 10 11 10 11 10 11 10 11 17 6 7 6 7 11 10 11 10 11 10 11 10 11 10 11 17 6 7 6 7 46 46 46 46 46 48 48 48 48 48 46 47 6 7 6 7 57 57 57 57 57 57 57 57 57 57 57 57 57 57 57 57 57 57 57 57 57 57 57 57 57 57 57 57 6 7
1 2 48 48 48 48 48 48 48 48 48 46 46 47 1 2 1 2 10 11 10 11 10 11 10 11 10 11 10 14 1 2 1 2 46 46 46 46 46 48 48 46 48 48 46 47 1 2 1 2 10 11 10 11 10 11 10 11 10 11 10 14 1 2 1 2 10 11 10 11 10 11 10 11 10 11 10 14 1 2 1 2 46 46 46 46 46 44 44 44 48 48 46 47 1 2 1 2 57 57 57 57 57 57 57 57 57 57 57 57 57 57 57 57 57 57 57 57 57 57 57 57 57 57 57 57 1 2
6 7 48 48 44 44 44 44 44 44 48 46 46 47 19 20 20 21 11 10 11 10 11 10 11 10 11 10 11 17 6 7 6 7 46 46 46 46 46 48 48 46 48 48 46 47 6 7 6 7 11 10 11 10 11 10 11 10 11 10 11 17 19 20 20 21 11 10 11 10 11 10 11 10 11 10 11 17 19 20 20 21 46 46 46 46 46 46 46 46 48 48 46 47 6 7 6 7 57 57 57 57 57 57 57 57 57 57 57 57 57 57 57 57 57 57 57 57 57 57 57 57 57 57 57 57 6 7
1 2 48 48 46 46 46 46 46 46 48 46 46 47 26 20 20 27 10 11 10 11 10 11 10 11 10 11 10 14 1 2 1 2 48 48 46 46 46 48 48 46 46 46 46 47 1 2 1 2 10 11 10 11 10 11 10 11 10 11 10 14 26 20 20 27 10 11 10 11 10 11 10 11 10 11 10 14 26 20 20 27 46 48 48 48 46 46 46 46 48 48 46 47 1 2 1 2 57 57 57 57 57 57 57 57 57 57 57 57 57 57 57 57 57 57 57 57 57 57 57 57 57 57 57 57 1 2
6 7 48 48 48 48 48 48 48 48 48 48 48 35 6 7 6 7 36 10 11 10 11 10 11 10 11 10 11 17 6 7 6 7 48 48 46 46 46 48 48 46 46 46 46 47 6 7 6 7 11 10 11 10 11 10 11 10 11 10 11 35 6 7 6 7 36 10 11 10 11 10 11 10 11 10 11 35 6 7 6 7 36 48 48 48 46 46 46 46 48 48 46 47 6 7 6 7 57 57 57 57 57 57 57 57 57 57 57 57 57 57 57 57 57 57 57 57 57 57 57 57 57 57 57 57 6 7
1 2 48 48 48 48 48 48 48 48 48 48 48 35 1 2 1 2 36 11 10 11 10 11 10 11 10 11 10 14 1 2 1 2 46 46 46 46 46 48 48 46 48 48 46 47 1 2 1 2 10 11 10 11 10 11 10 11 10 11 10 35 1 2 1 2 36 11 10 11 10 11 10 11 10 11 10 35 1 2 1 2 36 48 48 48 48 48 48 48 48 48 46 47 1 2 1 2 57 57 57 57 57 57 57 57 57 57 57 57 57 57 57 57 57 57 57 57 57 57 57 57 57 57 57 57 1 2
6 7 44 44 44 44 44 44 44 44 44 44 44 45 6 7 6 7 11 10 11 10 11 10 11 10 11 10 11 17 6 7 6 7 46 46 46 46 46 48 48 46 48 48 46 47 6 7 6 7 11 10 11 10 11 10 11 10 11 10 11 17 6 7 6 7 11 10 11 10 11 10 11 10 11 10 11 17 6 7 6 7 44 48 48 48 48 48 48 48 48 48 46 47 6 7 6 7 57 57 57 57 57 57 57 57 57 57 57 57 57 57 57 57 57 57 57 57 57 57 57 57 57 57 57 57 6 7
1 2 46 46 46 46 46 46 46 46 46 46 46 47 1 2 1 2 10 11 10 11 10 11 10 11 10 11 10 14 1 2 1 2 46 46 46 46 46 48 48 46 46 46 46 47 1 2 1 2 10 11 10 11 10 11 10 11 10 11 10 14 1 2 1 2 10 11 10 11 10 11 10 11 10 11 10 14 1 2 1 2 46 44 44 44 44 44 44 44 44 44 46 47 1 2 1 2 57 57 57 57 57 57 57 57 57 57 57 57 57 57 57 57 57 57 57 57 57 57 57 57 57 57 57 57 1 2
6 7 46 46 46 46 46 46 46 46 46 46 46 47 6 7 6 7 11 10 11 10 11 10 11 10 11 10 11 17 6 7 6 7 46 46 46 46 46 48 48 46 46 46 46 47 6 7 6 7 11 10 11 10 11 10 11 10 11 10 11 17 6 7 6 7 11 10 11 10 11 10 11 10 11 10 11 17 6 7 6 7 46 46 46 46 46 46 46 46 46 46 46 47 6 7 6 7 57 57 57 57 57 57 57 57 57 57 57 57 57 57 57 57 57 57 57 57 57 57 57 57 57 57 57 57 6 7
1 2 1 2 1 2 1 2 1 2 1 2 1 2 1 2 1 2 1 2 1 2 1 49 50 2 1 2 1 2 1 2 1 2 1 2 1 2 1 49 50 2 1 2 1 2 1 2 1 2 1 2 1 2 1 49 50 2 1 2 1 2 1 2 1 2 1 2 1 2 1 2 1 2 1 2 1 2 1 2 1 2 1 2 1 2 1 2 1 2 1 2 1 2 1 2 1 2 57 57 57 57 57 57 57 57 57 57 57 57 57 57 57 57 57 57 57 57 57 57 57 57 57 57 57 57 1 2
6 7 6 7 6 7 6 7 6 7 6 7 6 7 6 7 6 7 6 7 6 7 6 49 50 7 6 7 6 7 6 7 6 7 6 7 6 7 6 49 50 7 6 7 6 7 6 7 6 7 6 7 6 7 6 49 50 7 6 7 6 7 6 7 6 7 6 7 6 7 6 7 6 7 6 7 6 7 6 7 6 7 6 7 6 7 6 7 6 7 6 7 6 7 6 7 6 7 57 57 57 57 57 57 57 57 57 57 57 57 57 57 57 57 57 57 57 57 57 57 57 57 57 57 57 57 6 7
1 2 1 2 1 2 1 2 1 2 1 2 1 2 1 2 1 2 1 2 1 2 1 49 50 2 1 2 1 2 1 2 1 2 1 2 1 2 1 49 50 2 1 2 1 2 1 2 1 2 1 2 1 2 1 49 50 2 1 2 1 2 1 2 1 2 1 2 1 2 1 2 1 2 1 2 1 2 1 2 1 2 1 2 1 2 1 2 1 2 1 2 1 2 1 2 1 2 57 57 57 57 57 57 57 57 57 57 57 57 57 57 57 57 57 57 57 57 57 57 57 57 57 57 57 57 1 2
6 7 6 7 6 7 6 7 6 7 6 7 6 7 6 7 6 7 6 7 6 7 6 51 52 7 6 7 6 7 6 7 6 7 6 7 6 7 6 51 52 7 6 7 6 7 6 7 6 7 6 7 6 7 6 51 52 7 6 7 6 7 6 7 6 7 6 7 6 7 6 7 6 7 6 7 6 7 6 7 6 7 6 7 6 7 6 7 6 7 6 7 6 7 6 7 6 7 57 57 57 57 57 57 57 57 57 57 57 57 57 57 57 57 57 57 57 57 57 57 57 57 57 57 57 57 6 7
1 2 3 4 4 4 4 4 4 4 4 4 4 5 1 2 1 2 3 4 4 4 4 53 54 4 4 4 4 5 1 2 1 2 3 4 4 4 4 53 54 4 4 4 4 5 1 2 1 2 3 4 4 4 4 53 54 4 4 4 4 5 1 2 1 2 3 4 4 4 4 4 4 4 4 4 4 5 1 2 1 2 3 4 4 4 4 4 4 4 4 4 4 5 1 2 1 2 57 57 57 57 57 57 57 57 57 57 57 57 57 57 57 57 57 57 57 57 57 57 57 57 57 57 57 57 1 2
6 7 3 4 4 4 4 4 4 4 4 4 4 9 6 7 6 7 3 4 4 4 4 55 56 4 4 4 4 9 6 7 6 7 3 4 4 4 4 55 56 4 4 4 4 9 6 7 6 7 3 4 4 4 4 55 56 4 4 4 4 9 6 7 6 7 3 4 4 4 4 4 4 4 4 4 4 9 6 7 6 7 3 4 4 4 4 4 4 4 4 4 4 9 6 7 6 7 57 57 57 57 57 57 57 57 57 57 57 57 57 57 57 57 57 57 57 57 57 57 57 57 57 57 57 57 6 7
1 2 10 11 10 11 10 11 10 11 10 11 10 14 1 2 1 2 10 11 10 11 10 36 36 11 10 11 10 14 1 2 1 2 10 11 10 15 10 36 36 11 10 11 10 14 1 2 1 2 44 44 44 44 44 36 36 44 44 44 44 45 1 2 1 2 10 11 10 11 10 11 10 11 10 11 10 14 1 2 1 2 10 11 10 11 10 11 10 11 10 11 10 14 1 2 1 2 57 57 57 57 57 57 57 57 57 57 57 57 57 57 57 57 57 57 57 57 57 57 57 57 57 57 57 57 1 2
6 7 11 10 11 10 11 10 11 10 11 10 11 17 6 7 6 7 11 10 11 10 11 10 11 10 11 10 11 17 6 7 6 7 11 10 11 10 11 10 11 10 11 10 11 17 6 7 6 7 46 46 46 46 46 48 48 46 46 46 46 47 6 7 6 7 11 10 11 10 11 10 11 10 11 10 11 17 6 7 6 7 11 10 11 10 11 10 11 10 11 10 11 17 6 7 6 7 57 57 57 57 57 57 57 57 57 57 57 57 57 57 57 57 57 57 57 57 57 57 57 57 57 57 57 57 6 7
1 2 10 11 10 11 10 11 10 11 10 11 10 14 1 2 1 2 10 11 10 11 10 11 10 11 10 11 10 14 1 2 1 2 10 15 10 11 10 11 10 15 10 15 10 14 1 2 1 2 46 46 46 46 46 48 48 46 46 46 46 47 1 2 1 2 10 11 10 11 10 11 10 11 10 11 10 14 1 2 1 2 10 11 10 11 10 11 10 11 10 11 10 14 1 2 1 2 57 57 57 57 57 57 57 57 57 57 57 57 57 57 57 57 57 57 57 57 57 57 57 57 57 57 57 57 1 2
6 7 11 10 11 10 11 10 11 10 11 10 11 17 19 20 20 21 11 10 11 10 11 10 11 10 11 10 11 17 19 20 20 21 11 10 11 10 11 10 11 10 11 10 11 17 19 20 20 21 46 46 46 46 46 48 48 46 46 46 46 47 19 20 20 21 11 10 11 10 11 10 11 10 11 10 11 17 19 20 20 21 11 10 11 10 11 10 11 10 11 10 11 17 6 7 6 7 57 57 57 57 57 57 57 57 57 57 57 57 57 57 57 57 57 57 57 57 57 57 57 57 57 57 57 57 6 7
1 2 10 11 10 11 22 23 24 11 10 11 10 14 26 20 20 27 10 11 10 11 10 11 10 11 10 11 10 14 26 20 20 27 10 11 10 15 10 11 10 11 10 11 10 14 26 20 20 27 46 48 48 48 48 48 48 48 48 48 48 47 26 20 20 27 10 11 10 11 10 11 10 11 10 11 10 14 26 20 20 27 10 11 10 11 10 11 10 11 10 11 10 14 1 2 1 2 57 57 57 57 57 57 57 57 57 57 57 57 57 57 57 57 57 57 57 57 57 57 57 57 57 57 57 57 1 2
6 7 11 10 11 10 31 32 33 10 11 10 11 35 6 7 6 7 36 10 11 10 11 10 11 10 11 10 11 35 6 7 6 7 36 10 11 10 11 10 11 10 11 10 11 35 6 7 6 7 36 48 48 48 48 48 48 48 48 48 48 35 6 7 6 7 36 10 11 10 11 10 11 10 11 10 11 35 6 7 6 7 36 10 11 10 11 10 11 10 11 10 11 17 6 7 6 7 57 57 57 57 57 57 57 57 57 57 57 57 57 57 57 57 57 57 57 57 57 57 57 57 57 57 57 57 6 7
1 2 10 11 10 11 37 38 39 11 10 11 10 35 1 2 1 2 36 11 10 11 10 11 10 11 10 11 10 35 1 2 1 2 36 11 10 11 10 15 10 15 10 11 10 35 1 2 1 2 36 48 48 48 44 44 44 44 48 48 48 35 1 2 1 2 36 11 10 11 10 11 10 11 10 11 10 35 1 2 1 2 36 11 10 11 10 11 10 11 10 11 10 14 1 2 1 2 57 57 57 57 57 57 57 57 57 57 57 57 57 57 57 57 57 57 57 57 57 57 57 57 57 57 57 57 1 2
6 7 11 10 11 10 11 10 11 10 11 10 11 17 6 7 6 7 11 10 11 10 11 10 11 10 11 10 11 17 6 7 6 7 11 10 11 10 11 10 11 10 11 10 11 17 6 7 6 7 44 48 48 48 46 46 46 46 48 48 48 45 6 7 6 7 11 10 11 10 11 10 11 10 11 10 11 17 6 7 6 7 11 10 11 10 11 10 11 10 11 10 11 17 6 7 6 7 57 57 57 57 57 57 57 57 57 57 57 57 57 57 57 57 57 57 57 57 57 57 57 57 57 57 57 57 6 7
1 2 10 11 10 11 10 11 10 11 10 11 10 14 1 2 1 2 10 11 10 11 10 11 10 11 10 11 10 14 1 2 1 2 10 15 10 11 10 11 10 11 10 15 10 14 1 2 1 2 46 44 44 44 46 46 46 46 44 44 44 47 1 2 1 2 10 11 10 11 10 11 10 11 10 11 10 14 1 2 1 2 10 11 10 11 10 11 10 11 10 11 10 14 1 2 1 2 57 57 57 57 57 57 57 57 57 57 57 57 57 57 57 57 57 57 57 57 57 57 57 57 57 57 57 57 1 2
6 7 11 10 11 10 11 10 11 10 11 10 11 17 6 7 6 7 11 10 11 10 11 10 11 10 11 10 11 17 6 7 6 7 11 10 11 10 11 10 11 10 11 10 11 17 6 7 6 7 46 46 46 46 46 46 46 46 46 46 46 47 6 7 6 7 11 10 11 10 11 10 11 10 11 10 11 17 6 7 6 7 11 10 11 10 11 10 11 10 11 10 11 17 6 7 6 7 57 57 57 57 57 57 57 57 57 57 57 57 57 57 57 57 57 57 57 57 57 57 57 57 57 57 57 57 6 7
1 2 1 2 1 2 1 2 1 2 1 2 1 2 1 2 1 2 1 2 1 2 1 2 1 2 1 2 1 2 1 2 1 2 1 2 1 2 1 2 1 2 1 2 1 2 1 2 1 2 1 2 1 2 1 2 1 2 1 2 1 2 1 2 1 2 1 2 1 2 1 2 1 2 1 2 1 2 1 2 1 2 1 2 1 2 1 2 1 2 1 2 1 2 1 2 1 2 57 57 57 57 57 57 57 57 57 57 57 57 57 57 57 57 57 57 57 57 57 57 57 57 57 57 57 57 1 2
6 7 6 7 6 7 6 7 6 7 6 7 6 7 6 7 6 7 6 7 6 7 6 7 6 7 6 7 6 7 6 7 6 7 6 7 6 7 6 7 6 7 6 7 6 7 6 7 6 7 6 7 6 7 6 7 6 7 6 7 6 7 6 7 6 7 6 7 6 7 6 7 6 7 6 7 6 7 6 7 6 7 6 7 6 7 6 7 6 7 6 7 6 7 6 7 6 7 57 57 57 57 57 57 57 57 57 57 57 57 57 57 57 57 57 57 57 57 57 57 57 57 57 57 57 57 6 7
1 2 1 2 1 2 1 2 1 2 1 2 1 2 1 2 1 2 1 2 1 2 1 2 1 2 1 2 1 2 1 2 1 2 1 2 1 2 1 2 1 2 1 2 1 2 1 2 1 2 1 2 1 2 1 2 1 2 1 2 1 2 1 2 1 2 1 2 1 2 1 2 1 2 1 2 1 2 1 2 1 2 1 2 1 2 1 2 1 2 1 2 1 2 1 2 1 2 1 2 1 2 1 2 1 2 1 2 1 2 1 2 1 2 1 2 1 2 1 2 1 2 1 2 1 2 1 2
6 7 6 7 6 7 6 7 6 7 6 7 6 7 6 7 6 7 6 7 6 7 6 7 6 7 6 7 6 7 6 7 6 7 6 7 6 7 6 7 6 7 6 7 6 7 6 7 6 7 6 7 6 7 6 7 6 7 6 7 6 7 6 7 6 7 6 7 6 7 6 7 6 7 6 7 6 7 6 7 6 7 6 7 6 7 6 7 6 7 6 7 6 7 6 7 6 7 6 7 6 7 6 7 6 7 6 7 6 7 6 7 6 7 6 7 6 7 6 7 6 7 6 7 6 7 6 7
