# id	file_path	transparent_color_r	g	b

[TEXTURES]
120	textures\Opening_Cutscene.png	255	0	255
130	textures\Roll_Out_CutScene.png	255	0	255
140	textures\Ending_Cutscene.png	255	0	255

[SPRITES]
#Opening
26001	777	0	1033	224	120
26002	518	0	774	224	120
26003	259	0	515	224	120
26004	0	0	256	224	120
26005	0	227	256	451	120
26006	259	227	515	451	120
26007	518	227	774	451	120
26008	777	227	1033	451	120
26009	0	454	256	678	120
26010	259	454	515	678	120
26011	518	454	774	678	120
26012	777	454	1033	678	120
26013	0	681	256	905	120
26014	259	681	515	905	120
26015	518	681	774	905	120
26016	777	681	1033	905	120
26017	0	908	256	1132	120
26018	259	908	515	1132	120
26019	518	908	774	1132	120
26020	777	908	1033	1132	120
26021	0	1135	256	1359	120
26022	259	1135	515	1359	120
26023	518	1135	774	1359	120
26024	777	1135	1033	1359	120
26025	0	1362	256	1586	120
26026	259	1362	515	1586	120
26027	518	1362	774	1586	120
26028	777	1362	1033	1586	120
26029	0	1589	256	1813	120
26030	259	1589	515	1813	120
26031	518	1589	774	1813	120
26032	777	1589	1033	1813	120
26033	0	1816	256	2040	120
26034	259	1816	515	2040	120
26035	518	1816	774	2040	120
26036	777	1816	1033	2040	120
26037	0	2043	256	2267	120

#Roll_Out
27001	0	0	256	224	130
27002	259	0	515	224	130
27003	518	0	774	224	130
27004	0	227	256	451	130
27005	259	227	515	451	130
27006	518	227	774	451	130
27007	0	454	256	678	130
27008	259	454	515	678	130
27009	518	454	774	678	130
27010	0	681	256	905	130

#Ending
28001	2	2	513	226	140

#Ending_hair
29001	463	227	479	242	140
29002	480	227	496	242	140
29003	497	227	513	242	140

# ani_id	sprite1_id	time1	sprite2_id	time2	...
[ANIMATIONS]
#Opening
2600	26004	50	26003	50	26002	50	26001	3000	26002	50	26003	50	26004	50	26005	50	26006	50	26007	50	26008	2500	26007	50	26006	50	26005	50	26009	50	26010	50	26011	50	26012	3000	26011	50	26010	50	26009	50	26013	50	26014	50	26015	50	26016	50	26017	200	26018	3000	26019	50	26020	50	26021	50	26022	50	26023	50	26024	50	26025	3000	26024	50	26023	50	26022	50	26026	50	26027	50	26028	50	26029	3000	26028	50	26027	50	26026	50	26030	50	26031	50	26032	50	26033	3000	26032	50	26031	50	26030	50	26034	50	26035	50	26036	50	26037	2000	26036	50	26035	50	26034	50	27001	20	27002	20	27001	20	27002	20	27001	20	27002	20	27001	20	27002	20	27001	20	27002	20	27001	20	27002	20	27001	20	27002	20	27001	20	27002	20	27001	20	27002	20	27001	20	27002	20	27001	20	27002	20	27001	20	27002	20	27001	20	27002	20	27001	20	27002	20	27001	20	27002	20	27001	20	27002	20	27001	20	27002	20	27001	20	27002	20	27001	20	27002	20	27001	20	27002	20	27001	20	27002	20	27001	20	27002	20	27003	50	27004	50	27005	50	27006	50	27007	1000	27008	50	27009	50	27010	50

#Ending
2800	28001	5000

#Ending_hair
2900	29001	50	29002	50	29003	50

#
# id	ani1	ani2	ani3
#
[ANIMATION_SETS]
#Opening
260	2600
#Roll_Out
270	2700
#Ending
280	2800
#Ending_hair
290	2900

[OBJECTS]
#Opening
26	0	0	260