# id	file_path	transparent_color_r	g	b
[TEXTURES]
30	textures\area2overmap_bank.png	0	0	0
50	textures\enemies.png	255	0	255
70	textures\jason_items_bullets.png	181	165	213
80	textures\area2over_map.png	0	0	0
100	textures\bigjason.png	0	57	115
120	textures\boss.png	71	112	76
140	textures\item2.png	0	0	0
# id	left	top		right	bottom	texture_id
[SPRITES]
#BIGJASON
21000	210	3	230	34	100
21001	235	3	255	35	100
21002	260	3	280	34	100
21003	284	3	307	35	100
21004	309	3	328	35	100
21005	333	3	356	35	100
21006	358	3	382	35	100
21007	383	3	407	35	100
21008	210	36	230	67	100
21009	235	36	255	68	100
21010	260	36	280	67	100
21011	208	69	232	100	100
21012	233	69	257	101	100
21013	258	69	282	100	100
21014	286	69	310	100	100
21015	311	69	335	101	100
21016	336	69	360	100	100

#BigJason bullet
4090	234	107	242	113	100
4091	244	106	250	114	100
4092	234	117	242	123	100
4093	244	116	250	124	100
#Cannon Bullet
4094	252	106	260	114	100
#Boss bullet
4095	57	59	66	68	140
#EFFECT
#Bullet explode
10088	176	97	183	105	70
10089	192	94	208	107	70
10090	213	93	229	109	70

#WALLIMAGE
6000	224	1872	288	1952	80
6001	480	1872	544	1952	80
6002	608	1728	672	1800	80
6003	608	1472	672	1544	80
6004	352	1216	416	1288	80
6005	96	960	160	1032	80
6006	480	1360	544	1440	80
6007	224	1104	288	1184	80
6008	224	848	288	928	80
6009	480	848	544	928	80
6010	736	848	800	928	80
6011	864	704	928	776	80
#50001	0	0	112	32	80
#BOSS
16000	84	440	144	504	120
16001	84	510	144	575	120
16002	149	439	209	504	120
16003	149	509	209	575	120
16004	215	440	275	504	120
16005	215	510	275	575	120
16006	281	439	341	504	120
16007	281	509	341	575	120
#EYEBALLS
14001	98	549	114	565	50
14002	115	549	131	565	50
14003	132	549	148	565	50

#CANNON
13001	37	606	63	628	50
13002	66	602	88	628	50
13003	92	602	118	628	50
13004	128	602	154	628	50
13005	158	602	180	620	50
13006	183	606	209	628	50

#TELEPORTER
15001	67	567	91	599	50
15002	94	567	118	599	50
15003	128	567	152	599	50
15004	155	567	179	599	50
# ani_id	sprite1_id	time1	sprite2_id	time2	...
[ANIMATIONS]

#BIGJASON BULLET
490	4090	100
491	4091	100
492	4092	100
493	4093	100
#CANNON BULLET
494	4094	100
#BOSS BULLET
495	4095	100
#BIGJASON
#IDLE DOWN
2101	21001	100
#IDLE UP
2102	21009	100
#IDLE LEFT
2103	21012	100
#IDLE RIGHT
2104	21015	100
#GO DOWN
2105	21000	100	21001	100	21002	100	21001	100
#GO UP
2106	21008	100	21009	100	21010	100	21009	100
#GO LEFT
2107	21011	100	21012	100	21013	100	21012	100
#GO RIGHT
2108	21014	100	21015	100	21016	100	21015	100
#DIE
2109	21001	100	21012	100	21009	100	21015	100	21001	100	21003	100	21004	100	21005	100	21006	100	21007	100
#EFFECT
#Bullet explode
2005	10088	5	10089	5	10090	15	10089	5	10088	5
#BOSS
#MOVING
1600	16000	100	16001	100	16002	100	16003	100	16004	100	16005	100	16006	100	16007	100

#EYEBALLS
1400	14003	100	14001	100	14003	100	14001	100	14003	100	14002	150

#CANNON
1300	13001	400	13003	200	13002	400
1301	13004	100	13006	400

#TELEPORTER
1500	15001	50	15002	100
#
# id	ani1	ani2	ani3
#
[ANIMATION_SETS]
#BIGJASON
210	2101	2102	2103	2104	2105	2106	2107	2108	2109
49	490	491	492	493
44	494
45	495
160	1600

#EYEBALLS
140	1400

#CANNON
130	1300	1301

#TELEPORTER
150	1500
[OBJECTS]
# type	x		y		ani_set_id	extra_settings per object type
# type: 0 = Sophia , 1 = Wall, 2 = Enemy, 3 = Worm, 4 = Floater, 5 = Dome, 6 = Jumper, 7 = Insect
21	110	143	210
#WALL
# type  x    y	ani_id	width	height
0	0	1344	0	32	1344
0	224	1344	0	64	1344
0	480	1344	0	64	1344
0	736	1344	0	64	1344
0	0	1344	0	1312	64
0	0	1088	0	1312	64
0	0	832	0	1312	64
0	0	576	0	1312	64
0	0	320	0	1312	64
0	0	64	0	1312	64
0	736	1600	0	32	256
0	768	1600	0	288	32
0	1024	1568	0	32	224
#BOSSWALL
# type  x    y	ani_id	width	height
0	768	1456	0	256	32
#CRABULLUS
# type  x    y	ani_i
16	832	1520	160
#GATEWAY
#type	x	y	ani_id	width	height	DestinationX	DestinationY	newSectionID
5	208	144	0	16	32	310	144	2
5	288	144	0	16	32	180	144	1
5	464	144	0	16	32	565	144	3
5	544	144	0	16	32	440	144	2
5	368	224	0	32	16	368	358	5
5	368	336	0	32	16	368	223	2
5	208	400	0	16	32	310	400	5
5	288	400	0	16	32	180	400	4
5	208	912	0	16	32	310	912	11
5	288	912	0	16	32	180	912	10
5	208	1168	0	16	32	310	1168	14
5	288	1168	0	16	32	180	1168	13
5	464	656	0	16	32	565	656	9
5	544	656	0	16	32	440	656	8
5	464	1168	0	16	32	565	1168	15
5	544	1168	0	16	32	440	1168	14
5	720	1168	0	16	32	820	1168	16
5	800	1168	0	16	32	690	1168	15
5	624	224	0	32	16	624	358	6
5	624	336	0	32	16	624	223	3
5	624	480	0	32	16	624	618	9
5	624	592	0	32	16	624	478	6
5	112	480	0	32	16	112	618	7
5	112	592	0	32	16	112	478	4
5	368	736	0	32	16	368	888	11
5	368	848	0	32	16	368	617	8
5	112	992	0	32	16	112	1148	13
5	112	1104	0	32	16	112	991	10
5	880	1248	0	32	16	880	1408	17
5	880	1360	0	32	16	880	1247	16
#CANNON
# type  x    y	ani_i
13	64	1152	130
13	544	416	130
13	368	656	130
13	928	1216	130
#TELEPORTER
# type  x    y	ani_i
15	336	960	150
15	432	960	150
15	368	896	150
15	624	672	150
15	608	1216	150
#FENCE
# type  x    y	ani_id	width	height
27	576	480	0	48	160
27	656	480	0	16	160
27	672	416	0	64	32
27	672	480	0	64	32
27	672	352	0	64	32
27	400	736	0	80	64
27	416	624	0	64	48
27	288	736	0	80	64
27	32	1120	0	80	32
27	144	1136	0	80	48
27	96	1184	0	64	32
27	192	1248	0	32	80
27	32	1248	0	160	32
27	800	1248	0	80	80
27	912	1248	0	80	32
27	928	1136	0	64	48
#EYEBALL
# type  x    y	ani_i
14	336	192	140
14	400	144	140
14	80	928	140
14	176	960	140
14	320	1216	140
14	400	1136	140
#WALLIMAGE
# type  x    y sprite_id	width	height
6	224	176	6000	64	80
6	480	176	6001	64	80
6	608	320	6002	64	72
6	608	576	6003	64	72
6	352	832	6004	64	72
6	96	1088	6005	64	72
6	480	688	6006	64	80
6	224	944	6007	64	80
6	224	1200	6008	64	80
6	480	1200	6009	64	80
6	736	1200	6010	64	80
6	864	1344	6011	64	72
[MAP]
# filepath	tilesettextureid
Map\area2overmap.txt	30
[SECTION]
# sectionid	left	top	right	bottom
1	0	288	256	30
2	256	288	512	30
4	0	544	256	286
5	256	544	512	286
3	512	288	768	30
6	512	544	768	286
7	0	800	256	542
8	256	800	512	542
9	512	800	768	542
10	0	1056	256	798
11	256	1056	512	798
12	512	1056	768	798
13	0	1312	256	1054
14	256	1312	512	1054
15	512	1312	768	1054
16	768	1312	1024	1054
17	768	1568	1024	1310